Orthogroup	G_intestinalis_aa	G_muris_aa	S_salmonicida_aa	Total
OG0000000	0	0	129	129
OG0000001	0	104	0	104
OG0000002	0	94	0	94
OG0000003	0	0	59	59
OG0000004	0	53	1	54
OG0000005	0	0	50	50
OG0000006	0	0	48	48
OG0000007	46	0	0	46
OG0000008	46	0	0	46
OG0000009	0	41	0	41
OG0000010	38	0	0	38
OG0000011	30	0	0	30
OG0000012	0	0	28	28
OG0000013	0	0	28	28
OG0000014	27	0	0	27
OG0000015	0	26	0	26
OG0000016	0	0	22	22
OG0000017	11	5	5	21
OG0000018	0	21	0	21
OG0000019	18	0	1	19
OG0000020	0	0	19	19
OG0000021	18	0	0	18
OG0000022	0	0	18	18
OG0000023	0	0	17	17
OG0000024	0	0	17	17
OG0000025	0	0	17	17
OG0000026	16	0	0	16
OG0000027	0	0	16	16
OG0000028	9	0	6	15
OG0000029	1	0	14	15
OG0000030	0	15	0	15
OG0000031	0	0	15	15
OG0000032	0	0	15	15
OG0000033	0	0	15	15
OG0000034	14	0	0	14
OG0000035	6	6	2	14
OG0000036	2	2	10	14
OG0000037	0	0	14	14
OG0000038	0	0	14	14
OG0000039	13	0	0	13
OG0000040	3	1	9	13
OG0000041	3	8	2	13
OG0000042	0	13	0	13
OG0000043	0	0	13	13
OG0000044	0	0	13	13
OG0000045	8	4	0	12
OG0000046	2	1	9	12
OG0000047	4	2	6	12
OG0000048	3	2	7	12
OG0000049	1	1	10	12
OG0000050	2	2	8	12
OG0000051	0	0	12	12
OG0000052	0	0	12	12
OG0000053	0	0	12	12
OG0000054	0	0	12	12
OG0000055	10	1	0	11
OG0000056	2	2	7	11
OG0000057	3	3	5	11
OG0000058	0	0	11	11
OG0000059	0	0	11	11
OG0000060	0	0	11	11
OG0000061	0	0	11	11
OG0000062	0	0	11	11
OG0000063	2	3	5	10
OG0000064	0	0	10	10
OG0000065	0	0	10	10
OG0000066	3	3	3	9
OG0000067	1	1	7	9
OG0000068	4	3	2	9
OG0000069	1	2	6	9
OG0000070	2	1	6	9
OG0000071	2	2	5	9
OG0000072	1	7	1	9
OG0000073	2	3	4	9
OG0000074	1	2	6	9
OG0000075	2	1	6	9
OG0000076	2	7	0	9
OG0000077	0	9	0	9
OG0000078	0	0	9	9
OG0000079	0	0	9	9
OG0000080	0	0	9	9
OG0000081	0	0	9	9
OG0000082	0	0	9	9
OG0000083	0	0	9	9
OG0000084	8	0	0	8
OG0000085	7	1	0	8
OG0000086	1	1	6	8
OG0000087	3	2	3	8
OG0000088	3	2	3	8
OG0000089	6	1	1	8
OG0000090	2	3	3	8
OG0000091	6	0	2	8
OG0000092	4	3	1	8
OG0000093	4	4	0	8
OG0000094	1	3	4	8
OG0000095	1	0	7	8
OG0000096	1	1	6	8
OG0000097	3	2	3	8
OG0000098	1	5	2	8
OG0000099	0	8	0	8
OG0000100	0	0	8	8
OG0000101	0	0	8	8
OG0000102	0	0	8	8
OG0000103	0	0	8	8
OG0000104	0	0	8	8
OG0000105	0	0	8	8
OG0000106	0	0	8	8
OG0000107	7	0	0	7
OG0000108	1	3	3	7
OG0000109	2	2	3	7
OG0000110	1	4	2	7
OG0000111	2	2	3	7
OG0000112	4	1	2	7
OG0000113	2	2	3	7
OG0000114	5	1	1	7
OG0000115	1	1	5	7
OG0000116	1	0	6	7
OG0000117	2	2	3	7
OG0000118	0	0	7	7
OG0000119	0	0	7	7
OG0000120	0	0	7	7
OG0000121	0	0	7	7
OG0000122	0	0	7	7
OG0000123	0	0	7	7
OG0000124	0	0	7	7
OG0000125	0	0	7	7
OG0000126	0	0	7	7
OG0000127	0	0	7	7
OG0000128	0	0	7	7
OG0000129	6	0	0	6
OG0000130	3	2	1	6
OG0000131	1	0	5	6
OG0000132	3	1	2	6
OG0000133	1	1	4	6
OG0000134	2	1	3	6
OG0000135	2	4	0	6
OG0000136	2	3	1	6
OG0000137	1	1	4	6
OG0000138	1	1	4	6
OG0000139	1	2	3	6
OG0000140	1	1	4	6
OG0000141	2	3	1	6
OG0000142	2	2	2	6
OG0000143	1	1	4	6
OG0000144	5	1	0	6
OG0000145	2	2	2	6
OG0000146	3	2	1	6
OG0000147	1	1	4	6
OG0000148	2	1	3	6
OG0000149	2	2	2	6
OG0000150	2	1	3	6
OG0000151	2	2	2	6
OG0000152	2	1	3	6
OG0000153	2	1	3	6
OG0000154	1	1	4	6
OG0000155	1	2	3	6
OG0000156	2	2	2	6
OG0000157	2	2	2	6
OG0000158	3	2	1	6
OG0000159	1	1	4	6
OG0000160	1	1	4	6
OG0000161	0	6	0	6
OG0000162	0	6	0	6
OG0000163	0	6	0	6
OG0000164	0	0	6	6
OG0000165	0	0	6	6
OG0000166	0	0	6	6
OG0000167	0	0	6	6
OG0000168	0	0	6	6
OG0000169	0	0	6	6
OG0000170	0	0	6	6
OG0000171	0	0	6	6
OG0000172	0	0	6	6
OG0000173	0	0	6	6
OG0000174	0	0	6	6
OG0000175	0	0	6	6
OG0000176	0	0	6	6
OG0000177	0	0	6	6
OG0000178	0	0	6	6
OG0000179	0	0	6	6
OG0000180	0	0	6	6
OG0000181	0	0	6	6
OG0000182	0	0	6	6
OG0000183	0	0	6	6
OG0000184	0	0	6	6
OG0000185	0	0	6	6
OG0000186	1	2	2	5
OG0000187	2	2	1	5
OG0000188	2	2	1	5
OG0000189	1	4	0	5
OG0000190	5	0	0	5
OG0000191	4	0	1	5
OG0000192	1	1	3	5
OG0000193	1	1	3	5
OG0000194	1	2	2	5
OG0000195	1	3	1	5
OG0000196	1	3	1	5
OG0000197	2	2	1	5
OG0000198	1	1	3	5
OG0000199	5	0	0	5
OG0000200	5	0	0	5
OG0000201	2	1	2	5
OG0000202	1	1	3	5
OG0000203	2	2	1	5
OG0000204	3	1	1	5
OG0000205	2	2	1	5
OG0000206	3	2	0	5
OG0000207	2	1	2	5
OG0000208	3	1	1	5
OG0000209	1	3	1	5
OG0000210	1	1	3	5
OG0000211	1	1	3	5
OG0000212	2	2	1	5
OG0000213	1	1	3	5
OG0000214	1	1	3	5
OG0000215	1	1	3	5
OG0000216	3	2	0	5
OG0000217	2	1	2	5
OG0000218	1	2	2	5
OG0000219	2	1	2	5
OG0000220	2	1	2	5
OG0000221	4	1	0	5
OG0000222	1	1	3	5
OG0000223	1	1	3	5
OG0000224	3	2	0	5
OG0000225	3	1	1	5
OG0000226	2	2	1	5
OG0000227	1	2	2	5
OG0000228	2	2	1	5
OG0000229	1	1	3	5
OG0000230	1	1	3	5
OG0000231	2	1	2	5
OG0000232	2	2	1	5
OG0000233	1	1	3	5
OG0000234	1	1	3	5
OG0000235	2	2	1	5
OG0000236	1	1	3	5
OG0000237	1	1	3	5
OG0000238	1	1	3	5
OG0000239	1	1	3	5
OG0000240	2	1	2	5
OG0000241	2	1	2	5
OG0000242	2	2	1	5
OG0000243	2	2	1	5
OG0000244	2	2	1	5
OG0000245	2	2	1	5
OG0000246	2	2	1	5
OG0000247	2	2	1	5
OG0000248	1	3	1	5
OG0000249	1	2	2	5
OG0000250	1	1	3	5
OG0000251	1	1	3	5
OG0000252	1	2	2	5
OG0000253	1	2	2	5
OG0000254	2	1	2	5
OG0000255	1	1	3	5
OG0000256	2	2	1	5
OG0000257	1	3	1	5
OG0000258	2	2	1	5
OG0000259	1	1	3	5
OG0000260	1	1	3	5
OG0000261	0	5	0	5
OG0000262	0	5	0	5
OG0000263	0	0	5	5
OG0000264	0	0	5	5
OG0000265	0	0	5	5
OG0000266	0	0	5	5
OG0000267	0	0	5	5
OG0000268	0	0	5	5
OG0000269	0	0	5	5
OG0000270	0	0	5	5
OG0000271	0	0	5	5
OG0000272	0	0	5	5
OG0000273	0	0	5	5
OG0000274	0	0	5	5
OG0000275	0	0	5	5
OG0000276	0	0	5	5
OG0000277	0	0	5	5
OG0000278	0	0	5	5
OG0000279	0	0	5	5
OG0000280	0	0	5	5
OG0000281	0	0	5	5
OG0000282	0	0	5	5
OG0000283	0	0	5	5
OG0000284	0	0	5	5
OG0000285	0	0	5	5
OG0000286	0	0	5	5
OG0000287	0	0	5	5
OG0000288	0	0	5	5
OG0000289	4	0	0	4
OG0000290	1	1	2	4
OG0000291	1	1	2	4
OG0000292	1	1	2	4
OG0000293	2	2	0	4
OG0000294	1	1	2	4
OG0000295	1	1	2	4
OG0000296	1	0	3	4
OG0000297	1	2	1	4
OG0000298	1	1	2	4
OG0000299	1	1	2	4
OG0000300	1	1	2	4
OG0000301	2	2	0	4
OG0000302	3	1	0	4
OG0000303	1	1	2	4
OG0000304	1	1	2	4
OG0000305	1	1	2	4
OG0000306	2	1	1	4
OG0000307	2	1	1	4
OG0000308	1	1	2	4
OG0000309	1	2	1	4
OG0000310	1	1	2	4
OG0000311	1	1	2	4
OG0000312	1	1	2	4
OG0000313	1	1	2	4
OG0000314	1	1	2	4
OG0000315	1	2	1	4
OG0000316	1	1	2	4
OG0000317	1	1	2	4
OG0000318	1	1	2	4
OG0000319	4	0	0	4
OG0000320	1	1	2	4
OG0000321	1	1	2	4
OG0000322	1	1	2	4
OG0000323	1	2	1	4
OG0000324	2	1	1	4
OG0000325	1	1	2	4
OG0000326	1	1	2	4
OG0000327	1	1	2	4
OG0000328	1	1	2	4
OG0000329	1	1	2	4
OG0000330	1	2	1	4
OG0000331	1	1	2	4
OG0000332	1	2	1	4
OG0000333	1	2	1	4
OG0000334	1	1	2	4
OG0000335	3	1	0	4
OG0000336	1	1	2	4
OG0000337	4	0	0	4
OG0000338	1	1	2	4
OG0000339	1	1	2	4
OG0000340	2	1	1	4
OG0000341	1	1	2	4
OG0000342	1	1	2	4
OG0000343	1	1	2	4
OG0000344	3	0	1	4
OG0000345	1	1	2	4
OG0000346	1	1	2	4
OG0000347	1	2	1	4
OG0000348	1	1	2	4
OG0000349	1	1	2	4
OG0000350	1	1	2	4
OG0000351	2	1	1	4
OG0000352	1	1	2	4
OG0000353	1	1	2	4
OG0000354	2	1	1	4
OG0000355	1	1	2	4
OG0000356	1	1	2	4
OG0000357	1	1	2	4
OG0000358	1	2	1	4
OG0000359	1	1	2	4
OG0000360	1	1	2	4
OG0000361	1	1	2	4
OG0000362	1	1	2	4
OG0000363	1	2	1	4
OG0000364	1	1	2	4
OG0000365	2	1	1	4
OG0000366	2	1	1	4
OG0000367	2	1	1	4
OG0000368	1	1	2	4
OG0000369	1	1	2	4
OG0000370	2	1	1	4
OG0000371	1	2	1	4
OG0000372	1	1	2	4
OG0000373	1	1	2	4
OG0000374	1	2	1	4
OG0000375	2	1	1	4
OG0000376	1	2	1	4
OG0000377	2	1	1	4
OG0000378	1	1	2	4
OG0000379	1	1	2	4
OG0000380	1	1	2	4
OG0000381	1	3	0	4
OG0000382	1	1	2	4
OG0000383	1	1	2	4
OG0000384	1	1	2	4
OG0000385	1	1	2	4
OG0000386	3	1	0	4
OG0000387	4	0	0	4
OG0000388	1	1	2	4
OG0000389	1	3	0	4
OG0000390	1	1	2	4
OG0000391	1	2	1	4
OG0000392	2	1	1	4
OG0000393	1	1	2	4
OG0000394	1	1	2	4
OG0000395	1	1	2	4
OG0000396	2	1	1	4
OG0000397	1	1	2	4
OG0000398	1	1	2	4
OG0000399	1	1	2	4
OG0000400	1	1	2	4
OG0000401	1	1	2	4
OG0000402	1	1	2	4
OG0000403	1	1	2	4
OG0000404	1	0	3	4
OG0000405	2	1	1	4
OG0000406	1	1	2	4
OG0000407	1	1	2	4
OG0000408	1	1	2	4
OG0000409	1	1	2	4
OG0000410	1	1	2	4
OG0000411	1	1	2	4
OG0000412	1	2	1	4
OG0000413	1	1	2	4
OG0000414	1	1	2	4
OG0000415	2	1	1	4
OG0000416	2	1	1	4
OG0000417	1	1	2	4
OG0000418	1	1	2	4
OG0000419	1	1	2	4
OG0000420	1	1	2	4
OG0000421	1	1	2	4
OG0000422	1	1	2	4
OG0000423	2	1	1	4
OG0000424	1	1	2	4
OG0000425	1	1	2	4
OG0000426	1	2	1	4
OG0000427	1	1	2	4
OG0000428	2	1	1	4
OG0000429	1	1	2	4
OG0000430	1	1	2	4
OG0000431	1	1	2	4
OG0000432	1	0	3	4
OG0000433	2	1	1	4
OG0000434	1	1	2	4
OG0000435	1	1	2	4
OG0000436	2	1	1	4
OG0000437	1	1	2	4
OG0000438	1	1	2	4
OG0000439	1	1	2	4
OG0000440	1	1	2	4
OG0000441	2	1	1	4
OG0000442	1	1	2	4
OG0000443	1	1	2	4
OG0000444	1	1	2	4
OG0000445	1	1	2	4
OG0000446	1	1	2	4
OG0000447	1	1	2	4
OG0000448	4	0	0	4
OG0000449	2	1	1	4
OG0000450	2	1	1	4
OG0000451	2	1	1	4
OG0000452	2	1	1	4
OG0000453	1	1	2	4
OG0000454	1	2	1	4
OG0000455	1	1	2	4
OG0000456	1	1	2	4
OG0000457	1	1	2	4
OG0000458	1	1	2	4
OG0000459	1	1	2	4
OG0000460	1	1	2	4
OG0000461	1	1	2	4
OG0000462	1	2	1	4
OG0000463	2	1	1	4
OG0000464	1	2	1	4
OG0000465	1	1	2	4
OG0000466	2	2	0	4
OG0000467	1	1	2	4
OG0000468	1	1	2	4
OG0000469	1	1	2	4
OG0000470	1	1	2	4
OG0000471	1	1	2	4
OG0000472	1	1	2	4
OG0000473	2	1	1	4
OG0000474	2	1	1	4
OG0000475	1	1	2	4
OG0000476	1	1	2	4
OG0000477	3	1	0	4
OG0000478	1	1	2	4
OG0000479	1	1	2	4
OG0000480	1	1	2	4
OG0000481	1	1	2	4
OG0000482	1	2	1	4
OG0000483	1	2	1	4
OG0000484	1	1	2	4
OG0000485	1	1	2	4
OG0000486	1	1	2	4
OG0000487	1	1	2	4
OG0000488	1	1	2	4
OG0000489	2	1	1	4
OG0000490	1	2	1	4
OG0000491	1	2	1	4
OG0000492	2	1	1	4
OG0000493	1	1	2	4
OG0000494	1	2	1	4
OG0000495	1	2	1	4
OG0000496	1	1	2	4
OG0000497	1	2	1	4
OG0000498	1	1	2	4
OG0000499	1	1	2	4
OG0000500	1	1	2	4
OG0000501	1	3	0	4
OG0000502	1	1	2	4
OG0000503	1	1	2	4
OG0000504	1	1	2	4
OG0000505	1	1	2	4
OG0000506	1	1	2	4
OG0000507	1	2	1	4
OG0000508	1	1	2	4
OG0000509	1	1	2	4
OG0000510	1	1	2	4
OG0000511	1	1	2	4
OG0000512	1	1	2	4
OG0000513	1	1	2	4
OG0000514	1	1	2	4
OG0000515	1	1	2	4
OG0000516	1	1	2	4
OG0000517	1	2	1	4
OG0000518	1	2	1	4
OG0000519	1	1	2	4
OG0000520	1	1	2	4
OG0000521	1	2	1	4
OG0000522	1	1	2	4
OG0000523	1	1	2	4
OG0000524	1	2	1	4
OG0000525	1	2	1	4
OG0000526	1	1	2	4
OG0000527	2	1	1	4
OG0000528	1	1	2	4
OG0000529	1	1	2	4
OG0000530	1	2	1	4
OG0000531	1	1	2	4
OG0000532	1	1	2	4
OG0000533	1	1	2	4
OG0000534	1	1	2	4
OG0000535	1	1	2	4
OG0000536	1	1	2	4
OG0000537	1	1	2	4
OG0000538	0	4	0	4
OG0000539	0	4	0	4
OG0000540	0	3	1	4
OG0000541	0	1	3	4
OG0000542	0	4	0	4
OG0000543	0	0	4	4
OG0000544	0	0	4	4
OG0000545	0	0	4	4
OG0000546	0	0	4	4
OG0000547	0	0	4	4
OG0000548	0	0	4	4
OG0000549	0	0	4	4
OG0000550	0	0	4	4
OG0000551	0	0	4	4
OG0000552	0	0	4	4
OG0000553	0	0	4	4
OG0000554	0	0	4	4
OG0000555	0	0	4	4
OG0000556	0	0	4	4
OG0000557	0	0	4	4
OG0000558	0	0	4	4
OG0000559	0	0	4	4
OG0000560	0	0	4	4
OG0000561	0	0	4	4
OG0000562	0	0	4	4
OG0000563	0	0	4	4
OG0000564	0	0	4	4
OG0000565	0	0	4	4
OG0000566	0	0	4	4
OG0000567	0	0	4	4
OG0000568	0	0	4	4
OG0000569	0	0	4	4
OG0000570	0	0	4	4
OG0000571	0	0	4	4
OG0000572	0	0	4	4
OG0000573	0	0	4	4
OG0000574	0	0	4	4
OG0000575	0	0	4	4
OG0000576	0	0	4	4
OG0000577	0	0	4	4
OG0000578	0	0	4	4
OG0000579	0	0	4	4
OG0000580	0	0	4	4
OG0000581	0	0	4	4
OG0000582	0	0	4	4
OG0000583	0	0	4	4
OG0000584	0	0	4	4
OG0000585	0	0	4	4
OG0000586	0	0	4	4
OG0000587	0	0	4	4
OG0000588	0	0	4	4
OG0000589	0	0	4	4
OG0000590	0	0	4	4
OG0000591	0	0	4	4
OG0000592	2	1	0	3
OG0000593	1	1	1	3
OG0000594	1	1	1	3
OG0000595	1	1	1	3
OG0000596	1	1	1	3
OG0000597	1	1	1	3
OG0000598	1	1	1	3
OG0000599	1	1	1	3
OG0000600	1	1	1	3
OG0000601	1	1	1	3
OG0000602	2	1	0	3
OG0000603	1	1	1	3
OG0000604	1	1	1	3
OG0000605	1	1	1	3
OG0000606	1	1	1	3
OG0000607	1	1	1	3
OG0000608	1	1	1	3
OG0000609	1	1	1	3
OG0000610	1	1	1	3
OG0000611	1	1	1	3
OG0000612	1	1	1	3
OG0000613	1	1	1	3
OG0000614	1	1	1	3
OG0000615	1	1	1	3
OG0000616	1	1	1	3
OG0000617	1	1	1	3
OG0000618	1	1	1	3
OG0000619	1	1	1	3
OG0000620	1	1	1	3
OG0000621	1	1	1	3
OG0000622	1	1	1	3
OG0000623	1	1	1	3
OG0000624	1	1	1	3
OG0000625	1	1	1	3
OG0000626	1	1	1	3
OG0000627	1	1	1	3
OG0000628	1	1	1	3
OG0000629	1	1	1	3
OG0000630	1	1	1	3
OG0000631	1	1	1	3
OG0000632	2	1	0	3
OG0000633	2	1	0	3
OG0000634	1	1	1	3
OG0000635	1	1	1	3
OG0000636	1	1	1	3
OG0000637	1	1	1	3
OG0000638	1	1	1	3
OG0000639	1	1	1	3
OG0000640	1	1	1	3
OG0000641	1	0	2	3
OG0000642	2	1	0	3
OG0000643	1	1	1	3
OG0000644	1	1	1	3
OG0000645	3	0	0	3
OG0000646	1	1	1	3
OG0000647	1	1	1	3
OG0000648	2	1	0	3
OG0000649	1	1	1	3
OG0000650	1	1	1	3
OG0000651	1	1	1	3
OG0000652	1	1	1	3
OG0000653	1	1	1	3
OG0000654	1	1	1	3
OG0000655	1	1	1	3
OG0000656	1	1	1	3
OG0000657	1	1	1	3
OG0000658	1	1	1	3
OG0000659	1	1	1	3
OG0000660	1	1	1	3
OG0000661	2	1	0	3
OG0000662	1	1	1	3
OG0000663	1	1	1	3
OG0000664	1	1	1	3
OG0000665	1	1	1	3
OG0000666	1	1	1	3
OG0000667	1	1	1	3
OG0000668	1	1	1	3
OG0000669	1	1	1	3
OG0000670	1	1	1	3
OG0000671	1	1	1	3
OG0000672	1	1	1	3
OG0000673	1	1	1	3
OG0000674	1	1	1	3
OG0000675	1	1	1	3
OG0000676	2	1	0	3
OG0000677	1	1	1	3
OG0000678	1	1	1	3
OG0000679	1	1	1	3
OG0000680	1	1	1	3
OG0000681	1	1	1	3
OG0000682	1	1	1	3
OG0000683	1	1	1	3
OG0000684	1	1	1	3
OG0000685	1	1	1	3
OG0000686	1	1	1	3
OG0000687	1	1	1	3
OG0000688	1	1	1	3
OG0000689	1	1	1	3
OG0000690	1	1	1	3
OG0000691	1	1	1	3
OG0000692	1	1	1	3
OG0000693	1	1	1	3
OG0000694	1	1	1	3
OG0000695	1	2	0	3
OG0000696	1	1	1	3
OG0000697	1	1	1	3
OG0000698	1	1	1	3
OG0000699	1	1	1	3
OG0000700	1	1	1	3
OG0000701	1	1	1	3
OG0000702	1	2	0	3
OG0000703	1	1	1	3
OG0000704	1	1	1	3
OG0000705	1	1	1	3
OG0000706	1	1	1	3
OG0000707	1	1	1	3
OG0000708	1	1	1	3
OG0000709	1	1	1	3
OG0000710	1	1	1	3
OG0000711	1	1	1	3
OG0000712	1	1	1	3
OG0000713	1	1	1	3
OG0000714	1	1	1	3
OG0000715	1	1	1	3
OG0000716	1	1	1	3
OG0000717	1	1	1	3
OG0000718	1	1	1	3
OG0000719	1	1	1	3
OG0000720	1	1	1	3
OG0000721	1	1	1	3
OG0000722	1	1	1	3
OG0000723	2	1	0	3
OG0000724	1	1	1	3
OG0000725	1	1	1	3
OG0000726	1	1	1	3
OG0000727	1	1	1	3
OG0000728	1	1	1	3
OG0000729	1	1	1	3
OG0000730	1	1	1	3
OG0000731	1	1	1	3
OG0000732	1	1	1	3
OG0000733	1	1	1	3
OG0000734	1	1	1	3
OG0000735	1	1	1	3
OG0000736	1	1	1	3
OG0000737	1	1	1	3
OG0000738	1	1	1	3
OG0000739	1	1	1	3
OG0000740	1	1	1	3
OG0000741	1	1	1	3
OG0000742	1	1	1	3
OG0000743	1	2	0	3
OG0000744	1	1	1	3
OG0000745	1	1	1	3
OG0000746	1	1	1	3
OG0000747	1	1	1	3
OG0000748	1	1	1	3
OG0000749	1	1	1	3
OG0000750	1	1	1	3
OG0000751	1	1	1	3
OG0000752	1	1	1	3
OG0000753	1	1	1	3
OG0000754	1	1	1	3
OG0000755	1	1	1	3
OG0000756	1	1	1	3
OG0000757	2	1	0	3
OG0000758	1	1	1	3
OG0000759	1	1	1	3
OG0000760	1	1	1	3
OG0000761	1	1	1	3
OG0000762	1	1	1	3
OG0000763	1	1	1	3
OG0000764	1	1	1	3
OG0000765	1	1	1	3
OG0000766	1	1	1	3
OG0000767	1	1	1	3
OG0000768	1	1	1	3
OG0000769	1	1	1	3
OG0000770	1	1	1	3
OG0000771	1	1	1	3
OG0000772	1	1	1	3
OG0000773	1	1	1	3
OG0000774	1	2	0	3
OG0000775	1	1	1	3
OG0000776	1	1	1	3
OG0000777	1	1	1	3
OG0000778	1	1	1	3
OG0000779	1	1	1	3
OG0000780	1	1	1	3
OG0000781	1	1	1	3
OG0000782	1	1	1	3
OG0000783	1	1	1	3
OG0000784	1	1	1	3
OG0000785	1	1	1	3
OG0000786	1	1	1	3
OG0000787	1	1	1	3
OG0000788	1	1	1	3
OG0000789	1	1	1	3
OG0000790	1	1	1	3
OG0000791	1	1	1	3
OG0000792	1	1	1	3
OG0000793	1	1	1	3
OG0000794	1	1	1	3
OG0000795	1	1	1	3
OG0000796	1	1	1	3
OG0000797	1	1	1	3
OG0000798	1	1	1	3
OG0000799	1	1	1	3
OG0000800	1	1	1	3
OG0000801	1	1	1	3
OG0000802	2	1	0	3
OG0000803	1	1	1	3
OG0000804	1	1	1	3
OG0000805	1	1	1	3
OG0000806	1	1	1	3
OG0000807	1	1	1	3
OG0000808	1	1	1	3
OG0000809	1	1	1	3
OG0000810	1	1	1	3
OG0000811	1	1	1	3
OG0000812	1	1	1	3
OG0000813	1	1	1	3
OG0000814	1	1	1	3
OG0000815	1	1	1	3
OG0000816	1	1	1	3
OG0000817	1	1	1	3
OG0000818	1	1	1	3
OG0000819	1	1	1	3
OG0000820	1	1	1	3
OG0000821	1	1	1	3
OG0000822	1	1	1	3
OG0000823	1	1	1	3
OG0000824	1	1	1	3
OG0000825	1	1	1	3
OG0000826	1	1	1	3
OG0000827	1	1	1	3
OG0000828	1	1	1	3
OG0000829	1	1	1	3
OG0000830	1	1	1	3
OG0000831	1	1	1	3
OG0000832	2	1	0	3
OG0000833	1	1	1	3
OG0000834	1	1	1	3
OG0000835	1	1	1	3
OG0000836	1	1	1	3
OG0000837	1	1	1	3
OG0000838	1	1	1	3
OG0000839	1	1	1	3
OG0000840	1	1	1	3
OG0000841	1	1	1	3
OG0000842	1	1	1	3
OG0000843	1	1	1	3
OG0000844	1	1	1	3
OG0000845	1	1	1	3
OG0000846	1	1	1	3
OG0000847	1	2	0	3
OG0000848	1	1	1	3
OG0000849	1	1	1	3
OG0000850	1	1	1	3
OG0000851	1	1	1	3
OG0000852	1	1	1	3
OG0000853	1	1	1	3
OG0000854	1	1	1	3
OG0000855	1	1	1	3
OG0000856	1	1	1	3
OG0000857	1	1	1	3
OG0000858	1	1	1	3
OG0000859	1	1	1	3
OG0000860	1	1	1	3
OG0000861	1	1	1	3
OG0000862	1	1	1	3
OG0000863	1	1	1	3
OG0000864	1	1	1	3
OG0000865	1	1	1	3
OG0000866	1	1	1	3
OG0000867	1	1	1	3
OG0000868	1	1	1	3
OG0000869	1	1	1	3
OG0000870	1	1	1	3
OG0000871	1	1	1	3
OG0000872	1	1	1	3
OG0000873	1	1	1	3
OG0000874	1	1	1	3
OG0000875	1	1	1	3
OG0000876	1	1	1	3
OG0000877	1	1	1	3
OG0000878	1	1	1	3
OG0000879	1	1	1	3
OG0000880	1	1	1	3
OG0000881	1	1	1	3
OG0000882	1	1	1	3
OG0000883	1	1	1	3
OG0000884	1	1	1	3
OG0000885	1	1	1	3
OG0000886	1	1	1	3
OG0000887	1	1	1	3
OG0000888	1	1	1	3
OG0000889	1	1	1	3
OG0000890	1	1	1	3
OG0000891	1	1	1	3
OG0000892	1	1	1	3
OG0000893	1	1	1	3
OG0000894	1	1	1	3
OG0000895	1	1	1	3
OG0000896	1	1	1	3
OG0000897	1	1	1	3
OG0000898	1	1	1	3
OG0000899	1	1	1	3
OG0000900	1	1	1	3
OG0000901	1	1	1	3
OG0000902	1	1	1	3
OG0000903	1	1	1	3
OG0000904	1	1	1	3
OG0000905	1	1	1	3
OG0000906	1	1	1	3
OG0000907	1	1	1	3
OG0000908	1	1	1	3
OG0000909	1	1	1	3
OG0000910	1	1	1	3
OG0000911	1	1	1	3
OG0000912	1	1	1	3
OG0000913	1	1	1	3
OG0000914	1	1	1	3
OG0000915	1	1	1	3
OG0000916	1	1	1	3
OG0000917	1	1	1	3
OG0000918	1	1	1	3
OG0000919	1	1	1	3
OG0000920	3	0	0	3
OG0000921	1	1	1	3
OG0000922	1	1	1	3
OG0000923	1	1	1	3
OG0000924	1	1	1	3
OG0000925	1	1	1	3
OG0000926	1	1	1	3
OG0000927	1	1	1	3
OG0000928	1	1	1	3
OG0000929	1	1	1	3
OG0000930	1	1	1	3
OG0000931	1	1	1	3
OG0000932	1	1	1	3
OG0000933	1	1	1	3
OG0000934	1	1	1	3
OG0000935	1	1	1	3
OG0000936	1	1	1	3
OG0000937	1	1	1	3
OG0000938	1	1	1	3
OG0000939	1	1	1	3
OG0000940	1	1	1	3
OG0000941	1	1	1	3
OG0000942	1	1	1	3
OG0000943	1	1	1	3
OG0000944	1	1	1	3
OG0000945	1	1	1	3
OG0000946	1	1	1	3
OG0000947	1	1	1	3
OG0000948	1	1	1	3
OG0000949	1	1	1	3
OG0000950	1	1	1	3
OG0000951	1	1	1	3
OG0000952	1	1	1	3
OG0000953	1	1	1	3
OG0000954	1	1	1	3
OG0000955	1	1	1	3
OG0000956	1	1	1	3
OG0000957	1	1	1	3
OG0000958	1	1	1	3
OG0000959	1	1	1	3
OG0000960	1	1	1	3
OG0000961	1	1	1	3
OG0000962	1	1	1	3
OG0000963	1	1	1	3
OG0000964	1	1	1	3
OG0000965	1	1	1	3
OG0000966	1	1	1	3
OG0000967	1	1	1	3
OG0000968	1	1	1	3
OG0000969	1	1	1	3
OG0000970	1	1	1	3
OG0000971	1	1	1	3
OG0000972	1	1	1	3
OG0000973	1	1	1	3
OG0000974	1	1	1	3
OG0000975	1	1	1	3
OG0000976	1	1	1	3
OG0000977	1	1	1	3
OG0000978	1	1	1	3
OG0000979	1	1	1	3
OG0000980	1	1	1	3
OG0000981	1	1	1	3
OG0000982	1	1	1	3
OG0000983	1	1	1	3
OG0000984	1	1	1	3
OG0000985	1	1	1	3
OG0000986	1	1	1	3
OG0000987	1	1	1	3
OG0000988	1	1	1	3
OG0000989	1	1	1	3
OG0000990	1	1	1	3
OG0000991	1	1	1	3
OG0000992	1	1	1	3
OG0000993	1	1	1	3
OG0000994	1	1	1	3
OG0000995	1	1	1	3
OG0000996	1	1	1	3
OG0000997	1	1	1	3
OG0000998	1	1	1	3
OG0000999	1	1	1	3
OG0001000	1	1	1	3
OG0001001	1	1	1	3
OG0001002	1	1	1	3
OG0001003	1	2	0	3
OG0001004	1	1	1	3
OG0001005	1	1	1	3
OG0001006	1	1	1	3
OG0001007	1	1	1	3
OG0001008	2	1	0	3
OG0001009	1	1	1	3
OG0001010	1	1	1	3
OG0001011	1	1	1	3
OG0001012	1	1	1	3
OG0001013	1	1	1	3
OG0001014	1	1	1	3
OG0001015	1	1	1	3
OG0001016	1	1	1	3
OG0001017	1	1	1	3
OG0001018	1	1	1	3
OG0001019	1	1	1	3
OG0001020	1	1	1	3
OG0001021	1	1	1	3
OG0001022	1	1	1	3
OG0001023	1	1	1	3
OG0001024	1	1	1	3
OG0001025	1	1	1	3
OG0001026	1	1	1	3
OG0001027	1	1	1	3
OG0001028	1	1	1	3
OG0001029	1	1	1	3
OG0001030	1	1	1	3
OG0001031	1	1	1	3
OG0001032	1	1	1	3
OG0001033	1	1	1	3
OG0001034	3	0	0	3
OG0001035	1	1	1	3
OG0001036	1	1	1	3
OG0001037	1	1	1	3
OG0001038	1	1	1	3
OG0001039	1	1	1	3
OG0001040	2	1	0	3
OG0001041	1	1	1	3
OG0001042	1	1	1	3
OG0001043	1	1	1	3
OG0001044	1	1	1	3
OG0001045	1	1	1	3
OG0001046	1	1	1	3
OG0001047	1	1	1	3
OG0001048	1	1	1	3
OG0001049	1	1	1	3
OG0001050	1	1	1	3
OG0001051	1	1	1	3
OG0001052	2	1	0	3
OG0001053	1	1	1	3
OG0001054	1	1	1	3
OG0001055	1	1	1	3
OG0001056	1	1	1	3
OG0001057	1	1	1	3
OG0001058	1	1	1	3
OG0001059	1	1	1	3
OG0001060	1	1	1	3
OG0001061	1	1	1	3
OG0001062	1	1	1	3
OG0001063	1	1	1	3
OG0001064	1	1	1	3
OG0001065	1	1	1	3
OG0001066	1	1	1	3
OG0001067	1	1	1	3
OG0001068	1	1	1	3
OG0001069	1	1	1	3
OG0001070	1	1	1	3
OG0001071	1	1	1	3
OG0001072	1	1	1	3
OG0001073	1	1	1	3
OG0001074	1	1	1	3
OG0001075	1	1	1	3
OG0001076	1	1	1	3
OG0001077	1	1	1	3
OG0001078	1	1	1	3
OG0001079	1	1	1	3
OG0001080	1	1	1	3
OG0001081	1	1	1	3
OG0001082	2	1	0	3
OG0001083	1	1	1	3
OG0001084	1	1	1	3
OG0001085	1	1	1	3
OG0001086	1	1	1	3
OG0001087	1	1	1	3
OG0001088	1	1	1	3
OG0001089	1	1	1	3
OG0001090	1	1	1	3
OG0001091	1	1	1	3
OG0001092	1	2	0	3
OG0001093	1	1	1	3
OG0001094	1	1	1	3
OG0001095	1	1	1	3
OG0001096	1	1	1	3
OG0001097	1	2	0	3
OG0001098	1	1	1	3
OG0001099	1	1	1	3
OG0001100	1	1	1	3
OG0001101	1	1	1	3
OG0001102	1	1	1	3
OG0001103	1	1	1	3
OG0001104	1	1	1	3
OG0001105	1	1	1	3
OG0001106	1	1	1	3
OG0001107	1	1	1	3
OG0001108	1	1	1	3
OG0001109	1	1	1	3
OG0001110	1	1	1	3
OG0001111	1	1	1	3
OG0001112	1	1	1	3
OG0001113	1	2	0	3
OG0001114	1	1	1	3
OG0001115	1	1	1	3
OG0001116	2	1	0	3
OG0001117	1	1	1	3
OG0001118	1	1	1	3
OG0001119	1	1	1	3
OG0001120	1	1	1	3
OG0001121	1	1	1	3
OG0001122	1	1	1	3
OG0001123	1	1	1	3
OG0001124	1	1	1	3
OG0001125	1	1	1	3
OG0001126	1	1	1	3
OG0001127	1	1	1	3
OG0001128	1	1	1	3
OG0001129	1	1	1	3
OG0001130	1	1	1	3
OG0001131	1	1	1	3
OG0001132	1	1	1	3
OG0001133	1	1	1	3
OG0001134	1	1	1	3
OG0001135	1	1	1	3
OG0001136	2	1	0	3
OG0001137	1	1	1	3
OG0001138	1	1	1	3
OG0001139	1	1	1	3
OG0001140	1	1	1	3
OG0001141	1	1	1	3
OG0001142	1	1	1	3
OG0001143	1	1	1	3
OG0001144	1	1	1	3
OG0001145	1	1	1	3
OG0001146	1	1	1	3
OG0001147	1	1	1	3
OG0001148	1	1	1	3
OG0001149	1	1	1	3
OG0001150	1	1	1	3
OG0001151	1	1	1	3
OG0001152	1	1	1	3
OG0001153	1	2	0	3
OG0001154	1	1	1	3
OG0001155	1	1	1	3
OG0001156	1	1	1	3
OG0001157	1	1	1	3
OG0001158	1	1	1	3
OG0001159	1	1	1	3
OG0001160	1	1	1	3
OG0001161	1	1	1	3
OG0001162	1	1	1	3
OG0001163	1	1	1	3
OG0001164	1	1	1	3
OG0001165	1	1	1	3
OG0001166	1	1	1	3
OG0001167	1	1	1	3
OG0001168	1	1	1	3
OG0001169	1	1	1	3
OG0001170	1	1	1	3
OG0001171	1	1	1	3
OG0001172	1	1	1	3
OG0001173	1	1	1	3
OG0001174	1	1	1	3
OG0001175	1	1	1	3
OG0001176	1	1	1	3
OG0001177	1	1	1	3
OG0001178	1	1	1	3
OG0001179	2	1	0	3
OG0001180	1	1	1	3
OG0001181	1	1	1	3
OG0001182	1	1	1	3
OG0001183	1	1	1	3
OG0001184	1	1	1	3
OG0001185	1	1	1	3
OG0001186	1	1	1	3
OG0001187	1	1	1	3
OG0001188	1	1	1	3
OG0001189	1	1	1	3
OG0001190	1	1	1	3
OG0001191	1	1	1	3
OG0001192	1	2	0	3
OG0001193	1	1	1	3
OG0001194	1	1	1	3
OG0001195	1	1	1	3
OG0001196	1	1	1	3
OG0001197	1	1	1	3
OG0001198	1	1	1	3
OG0001199	1	1	1	3
OG0001200	2	1	0	3
OG0001201	2	1	0	3
OG0001202	1	1	1	3
OG0001203	1	1	1	3
OG0001204	1	1	1	3
OG0001205	1	1	1	3
OG0001206	1	1	1	3
OG0001207	1	1	1	3
OG0001208	1	1	1	3
OG0001209	1	1	1	3
OG0001210	1	1	1	3
OG0001211	1	1	1	3
OG0001212	1	1	1	3
OG0001213	1	1	1	3
OG0001214	1	1	1	3
OG0001215	1	1	1	3
OG0001216	1	1	1	3
OG0001217	1	1	1	3
OG0001218	1	1	1	3
OG0001219	1	1	1	3
OG0001220	1	1	1	3
OG0001221	1	1	1	3
OG0001222	1	1	1	3
OG0001223	1	0	2	3
OG0001224	1	1	1	3
OG0001225	1	1	1	3
OG0001226	1	1	1	3
OG0001227	1	1	1	3
OG0001228	1	1	1	3
OG0001229	1	1	1	3
OG0001230	1	1	1	3
OG0001231	1	1	1	3
OG0001232	1	1	1	3
OG0001233	1	1	1	3
OG0001234	1	1	1	3
OG0001235	1	1	1	3
OG0001236	1	1	1	3
OG0001237	1	1	1	3
OG0001238	1	1	1	3
OG0001239	1	1	1	3
OG0001240	1	1	1	3
OG0001241	1	1	1	3
OG0001242	1	1	1	3
OG0001243	1	1	1	3
OG0001244	1	1	1	3
OG0001245	1	1	1	3
OG0001246	1	1	1	3
OG0001247	1	1	1	3
OG0001248	1	1	1	3
OG0001249	1	1	1	3
OG0001250	1	1	1	3
OG0001251	1	1	1	3
OG0001252	1	1	1	3
OG0001253	1	1	1	3
OG0001254	1	1	1	3
OG0001255	1	1	1	3
OG0001256	1	1	1	3
OG0001257	1	1	1	3
OG0001258	1	1	1	3
OG0001259	1	1	1	3
OG0001260	1	1	1	3
OG0001261	1	1	1	3
OG0001262	1	2	0	3
OG0001263	2	1	0	3
OG0001264	1	1	1	3
OG0001265	1	1	1	3
OG0001266	1	1	1	3
OG0001267	1	1	1	3
OG0001268	1	1	1	3
OG0001269	1	1	1	3
OG0001270	1	1	1	3
OG0001271	1	1	1	3
OG0001272	1	1	1	3
OG0001273	1	1	1	3
OG0001274	1	1	1	3
OG0001275	1	0	2	3
OG0001276	1	1	1	3
OG0001277	1	1	1	3
OG0001278	1	1	1	3
OG0001279	1	1	1	3
OG0001280	1	1	1	3
OG0001281	1	1	1	3
OG0001282	1	2	0	3
OG0001283	1	1	1	3
OG0001284	1	1	1	3
OG0001285	1	1	1	3
OG0001286	1	1	1	3
OG0001287	1	1	1	3
OG0001288	1	1	1	3
OG0001289	1	1	1	3
OG0001290	1	1	1	3
OG0001291	1	1	1	3
OG0001292	1	1	1	3
OG0001293	1	1	1	3
OG0001294	1	1	1	3
OG0001295	1	1	1	3
OG0001296	1	1	1	3
OG0001297	1	1	1	3
OG0001298	1	1	1	3
OG0001299	1	1	1	3
OG0001300	1	1	1	3
OG0001301	1	1	1	3
OG0001302	1	1	1	3
OG0001303	1	1	1	3
OG0001304	1	1	1	3
OG0001305	1	1	1	3
OG0001306	1	1	1	3
OG0001307	1	1	1	3
OG0001308	2	1	0	3
OG0001309	1	1	1	3
OG0001310	1	1	1	3
OG0001311	1	1	1	3
OG0001312	3	0	0	3
OG0001313	1	1	1	3
OG0001314	1	1	1	3
OG0001315	1	1	1	3
OG0001316	1	1	1	3
OG0001317	1	1	1	3
OG0001318	1	1	1	3
OG0001319	1	1	1	3
OG0001320	1	1	1	3
OG0001321	1	1	1	3
OG0001322	1	1	1	3
OG0001323	1	1	1	3
OG0001324	1	1	1	3
OG0001325	1	1	1	3
OG0001326	1	1	1	3
OG0001327	1	1	1	3
OG0001328	1	1	1	3
OG0001329	1	1	1	3
OG0001330	1	1	1	3
OG0001331	1	1	1	3
OG0001332	1	1	1	3
OG0001333	1	1	1	3
OG0001334	1	1	1	3
OG0001335	1	1	1	3
OG0001336	1	1	1	3
OG0001337	1	1	1	3
OG0001338	1	1	1	3
OG0001339	1	1	1	3
OG0001340	1	1	1	3
OG0001341	1	1	1	3
OG0001342	1	1	1	3
OG0001343	1	1	1	3
OG0001344	1	1	1	3
OG0001345	1	1	1	3
OG0001346	1	1	1	3
OG0001347	2	1	0	3
OG0001348	1	1	1	3
OG0001349	1	1	1	3
OG0001350	1	1	1	3
OG0001351	1	1	1	3
OG0001352	1	2	0	3
OG0001353	1	1	1	3
OG0001354	1	1	1	3
OG0001355	1	1	1	3
OG0001356	1	1	1	3
OG0001357	1	1	1	3
OG0001358	1	1	1	3
OG0001359	1	1	1	3
OG0001360	1	1	1	3
OG0001361	1	1	1	3
OG0001362	1	1	1	3
OG0001363	1	1	1	3
OG0001364	1	1	1	3
OG0001365	2	1	0	3
OG0001366	1	1	1	3
OG0001367	1	1	1	3
OG0001368	1	1	1	3
OG0001369	1	1	1	3
OG0001370	1	1	1	3
OG0001371	1	1	1	3
OG0001372	1	1	1	3
OG0001373	1	1	1	3
OG0001374	1	1	1	3
OG0001375	1	1	1	3
OG0001376	1	1	1	3
OG0001377	1	1	1	3
OG0001378	1	1	1	3
OG0001379	1	1	1	3
OG0001380	1	1	1	3
OG0001381	1	1	1	3
OG0001382	1	1	1	3
OG0001383	1	1	1	3
OG0001384	1	1	1	3
OG0001385	1	1	1	3
OG0001386	2	1	0	3
OG0001387	1	1	1	3
OG0001388	1	1	1	3
OG0001389	1	1	1	3
OG0001390	1	1	1	3
OG0001391	1	1	1	3
OG0001392	1	1	1	3
OG0001393	2	1	0	3
OG0001394	2	1	0	3
OG0001395	1	1	1	3
OG0001396	1	1	1	3
OG0001397	1	1	1	3
OG0001398	1	1	1	3
OG0001399	1	1	1	3
OG0001400	1	1	1	3
OG0001401	1	1	1	3
OG0001402	1	1	1	3
OG0001403	1	1	1	3
OG0001404	1	1	1	3
OG0001405	1	2	0	3
OG0001406	1	1	1	3
OG0001407	1	0	2	3
OG0001408	1	1	1	3
OG0001409	1	1	1	3
OG0001410	1	1	1	3
OG0001411	1	1	1	3
OG0001412	1	1	1	3
OG0001413	1	1	1	3
OG0001414	1	1	1	3
OG0001415	1	1	1	3
OG0001416	1	1	1	3
OG0001417	1	1	1	3
OG0001418	1	1	1	3
OG0001419	1	1	1	3
OG0001420	1	1	1	3
OG0001421	1	1	1	3
OG0001422	1	1	1	3
OG0001423	1	1	1	3
OG0001424	1	1	1	3
OG0001425	1	1	1	3
OG0001426	1	1	1	3
OG0001427	1	1	1	3
OG0001428	1	1	1	3
OG0001429	1	1	1	3
OG0001430	1	1	1	3
OG0001431	1	1	1	3
OG0001432	1	1	1	3
OG0001433	1	1	1	3
OG0001434	1	1	1	3
OG0001435	1	1	1	3
OG0001436	1	1	1	3
OG0001437	1	1	1	3
OG0001438	1	1	1	3
OG0001439	1	1	1	3
OG0001440	1	0	2	3
OG0001441	1	1	1	3
OG0001442	1	1	1	3
OG0001443	1	1	1	3
OG0001444	1	1	1	3
OG0001445	1	1	1	3
OG0001446	1	1	1	3
OG0001447	2	1	0	3
OG0001448	1	1	1	3
OG0001449	1	1	1	3
OG0001450	1	1	1	3
OG0001451	1	1	1	3
OG0001452	1	1	1	3
OG0001453	1	1	1	3
OG0001454	1	1	1	3
OG0001455	1	1	1	3
OG0001456	1	1	1	3
OG0001457	1	1	1	3
OG0001458	1	1	1	3
OG0001459	1	1	1	3
OG0001460	1	1	1	3
OG0001461	1	1	1	3
OG0001462	1	1	1	3
OG0001463	1	1	1	3
OG0001464	1	1	1	3
OG0001465	1	1	1	3
OG0001466	1	1	1	3
OG0001467	1	1	1	3
OG0001468	1	1	1	3
OG0001469	1	1	1	3
OG0001470	1	1	1	3
OG0001471	1	1	1	3
OG0001472	1	1	1	3
OG0001473	1	1	1	3
OG0001474	1	1	1	3
OG0001475	1	1	1	3
OG0001476	1	1	1	3
OG0001477	2	1	0	3
OG0001478	1	1	1	3
OG0001479	1	1	1	3
OG0001480	1	1	1	3
OG0001481	1	1	1	3
OG0001482	1	1	1	3
OG0001483	1	1	1	3
OG0001484	1	1	1	3
OG0001485	1	1	1	3
OG0001486	1	1	1	3
OG0001487	2	1	0	3
OG0001488	1	1	1	3
OG0001489	1	1	1	3
OG0001490	1	1	1	3
OG0001491	1	1	1	3
OG0001492	1	1	1	3
OG0001493	1	1	1	3
OG0001494	1	1	1	3
OG0001495	1	1	1	3
OG0001496	3	0	0	3
OG0001497	1	1	1	3
OG0001498	1	1	1	3
OG0001499	1	1	1	3
OG0001500	1	1	1	3
OG0001501	1	1	1	3
OG0001502	1	1	1	3
OG0001503	1	1	1	3
OG0001504	1	1	1	3
OG0001505	1	1	1	3
OG0001506	1	1	1	3
OG0001507	1	1	1	3
OG0001508	1	1	1	3
OG0001509	1	1	1	3
OG0001510	1	1	1	3
OG0001511	1	1	1	3
OG0001512	1	1	1	3
OG0001513	1	1	1	3
OG0001514	1	1	1	3
OG0001515	1	1	1	3
OG0001516	1	1	1	3
OG0001517	1	1	1	3
OG0001518	1	1	1	3
OG0001519	1	1	1	3
OG0001520	1	1	1	3
OG0001521	1	1	1	3
OG0001522	1	1	1	3
OG0001523	1	1	1	3
OG0001524	1	1	1	3
OG0001525	1	1	1	3
OG0001526	1	1	1	3
OG0001527	1	1	1	3
OG0001528	1	1	1	3
OG0001529	1	1	1	3
OG0001530	1	1	1	3
OG0001531	1	1	1	3
OG0001532	1	1	1	3
OG0001533	1	1	1	3
OG0001534	1	1	1	3
OG0001535	1	2	0	3
OG0001536	1	1	1	3
OG0001537	1	1	1	3
OG0001538	1	1	1	3
OG0001539	1	1	1	3
OG0001540	1	1	1	3
OG0001541	1	1	1	3
OG0001542	1	1	1	3
OG0001543	1	1	1	3
OG0001544	1	1	1	3
OG0001545	1	1	1	3
OG0001546	1	1	1	3
OG0001547	1	1	1	3
OG0001548	1	1	1	3
OG0001549	1	1	1	3
OG0001550	1	1	1	3
OG0001551	1	1	1	3
OG0001552	1	1	1	3
OG0001553	1	1	1	3
OG0001554	1	1	1	3
OG0001555	1	1	1	3
OG0001556	1	1	1	3
OG0001557	1	1	1	3
OG0001558	1	1	1	3
OG0001559	1	1	1	3
OG0001560	1	1	1	3
OG0001561	1	1	1	3
OG0001562	1	1	1	3
OG0001563	1	1	1	3
OG0001564	1	1	1	3
OG0001565	1	1	1	3
OG0001566	1	1	1	3
OG0001567	1	1	1	3
OG0001568	1	1	1	3
OG0001569	1	1	1	3
OG0001570	1	1	1	3
OG0001571	1	1	1	3
OG0001572	1	1	1	3
OG0001573	1	1	1	3
OG0001574	1	1	1	3
OG0001575	1	1	1	3
OG0001576	2	1	0	3
OG0001577	1	1	1	3
OG0001578	1	1	1	3
OG0001579	1	1	1	3
OG0001580	2	1	0	3
OG0001581	1	1	1	3
OG0001582	1	1	1	3
OG0001583	1	1	1	3
OG0001584	1	1	1	3
OG0001585	1	1	1	3
OG0001586	1	1	1	3
OG0001587	1	1	1	3
OG0001588	1	1	1	3
OG0001589	1	1	1	3
OG0001590	1	1	1	3
OG0001591	1	1	1	3
OG0001592	1	1	1	3
OG0001593	3	0	0	3
OG0001594	1	1	1	3
OG0001595	2	1	0	3
OG0001596	1	1	1	3
OG0001597	1	1	1	3
OG0001598	1	1	1	3
OG0001599	1	1	1	3
OG0001600	1	1	1	3
OG0001601	1	1	1	3
OG0001602	1	1	1	3
OG0001603	1	1	1	3
OG0001604	1	1	1	3
OG0001605	1	1	1	3
OG0001606	1	1	1	3
OG0001607	1	1	1	3
OG0001608	1	1	1	3
OG0001609	1	1	1	3
OG0001610	1	1	1	3
OG0001611	1	0	2	3
OG0001612	1	0	2	3
OG0001613	1	1	1	3
OG0001614	1	1	1	3
OG0001615	1	1	1	3
OG0001616	1	1	1	3
OG0001617	1	1	1	3
OG0001618	1	1	1	3
OG0001619	1	1	1	3
OG0001620	1	1	1	3
OG0001621	1	1	1	3
OG0001622	1	1	1	3
OG0001623	1	1	1	3
OG0001624	1	1	1	3
OG0001625	1	1	1	3
OG0001626	1	1	1	3
OG0001627	1	1	1	3
OG0001628	1	1	1	3
OG0001629	1	1	1	3
OG0001630	1	1	1	3
OG0001631	1	1	1	3
OG0001632	1	1	1	3
OG0001633	1	1	1	3
OG0001634	1	1	1	3
OG0001635	1	1	1	3
OG0001636	3	0	0	3
OG0001637	1	1	1	3
OG0001638	1	1	1	3
OG0001639	1	1	1	3
OG0001640	1	1	1	3
OG0001641	1	1	1	3
OG0001642	1	1	1	3
OG0001643	1	1	1	3
OG0001644	1	1	1	3
OG0001645	1	1	1	3
OG0001646	1	1	1	3
OG0001647	1	1	1	3
OG0001648	1	1	1	3
OG0001649	1	1	1	3
OG0001650	1	1	1	3
OG0001651	1	1	1	3
OG0001652	1	1	1	3
OG0001653	1	1	1	3
OG0001654	1	1	1	3
OG0001655	1	1	1	3
OG0001656	1	1	1	3
OG0001657	1	1	1	3
OG0001658	1	1	1	3
OG0001659	1	1	1	3
OG0001660	1	1	1	3
OG0001661	1	1	1	3
OG0001662	1	1	1	3
OG0001663	1	1	1	3
OG0001664	1	1	1	3
OG0001665	1	1	1	3
OG0001666	1	1	1	3
OG0001667	1	1	1	3
OG0001668	1	1	1	3
OG0001669	1	1	1	3
OG0001670	1	1	1	3
OG0001671	1	1	1	3
OG0001672	1	1	1	3
OG0001673	1	1	1	3
OG0001674	1	1	1	3
OG0001675	1	1	1	3
OG0001676	1	1	1	3
OG0001677	1	1	1	3
OG0001678	1	1	1	3
OG0001679	1	1	1	3
OG0001680	1	1	1	3
OG0001681	1	1	1	3
OG0001682	1	1	1	3
OG0001683	1	1	1	3
OG0001684	1	1	1	3
OG0001685	1	1	1	3
OG0001686	1	1	1	3
OG0001687	1	1	1	3
OG0001688	1	1	1	3
OG0001689	1	1	1	3
OG0001690	1	1	1	3
OG0001691	1	1	1	3
OG0001692	1	1	1	3
OG0001693	1	1	1	3
OG0001694	1	1	1	3
OG0001695	1	1	1	3
OG0001696	1	1	1	3
OG0001697	1	1	1	3
OG0001698	1	1	1	3
OG0001699	1	1	1	3
OG0001700	1	1	1	3
OG0001701	1	1	1	3
OG0001702	1	1	1	3
OG0001703	1	1	1	3
OG0001704	1	1	1	3
OG0001705	1	1	1	3
OG0001706	1	1	1	3
OG0001707	1	1	1	3
OG0001708	1	1	1	3
OG0001709	1	1	1	3
OG0001710	1	1	1	3
OG0001711	1	1	1	3
OG0001712	1	1	1	3
OG0001713	2	1	0	3
OG0001714	1	1	1	3
OG0001715	1	1	1	3
OG0001716	1	1	1	3
OG0001717	1	1	1	3
OG0001718	1	1	1	3
OG0001719	1	1	1	3
OG0001720	1	1	1	3
OG0001721	1	1	1	3
OG0001722	1	1	1	3
OG0001723	1	1	1	3
OG0001724	1	1	1	3
OG0001725	1	1	1	3
OG0001726	1	1	1	3
OG0001727	1	1	1	3
OG0001728	1	1	1	3
OG0001729	1	1	1	3
OG0001730	1	1	1	3
OG0001731	1	1	1	3
OG0001732	1	1	1	3
OG0001733	1	1	1	3
OG0001734	1	1	1	3
OG0001735	1	1	1	3
OG0001736	1	1	1	3
OG0001737	1	1	1	3
OG0001738	1	1	1	3
OG0001739	1	1	1	3
OG0001740	1	1	1	3
OG0001741	1	1	1	3
OG0001742	1	2	0	3
OG0001743	1	1	1	3
OG0001744	1	1	1	3
OG0001745	1	1	1	3
OG0001746	1	1	1	3
OG0001747	1	1	1	3
OG0001748	1	1	1	3
OG0001749	1	1	1	3
OG0001750	1	1	1	3
OG0001751	1	1	1	3
OG0001752	1	1	1	3
OG0001753	1	1	1	3
OG0001754	1	1	1	3
OG0001755	1	1	1	3
OG0001756	1	1	1	3
OG0001757	1	1	1	3
OG0001758	1	1	1	3
OG0001759	1	1	1	3
OG0001760	1	1	1	3
OG0001761	1	2	0	3
OG0001762	1	1	1	3
OG0001763	1	0	2	3
OG0001764	1	1	1	3
OG0001765	1	1	1	3
OG0001766	1	1	1	3
OG0001767	1	1	1	3
OG0001768	1	1	1	3
OG0001769	1	1	1	3
OG0001770	1	1	1	3
OG0001771	1	1	1	3
OG0001772	1	1	1	3
OG0001773	1	1	1	3
OG0001774	1	1	1	3
OG0001775	1	1	1	3
OG0001776	1	1	1	3
OG0001777	1	1	1	3
OG0001778	1	1	1	3
OG0001779	1	1	1	3
OG0001780	1	1	1	3
OG0001781	1	1	1	3
OG0001782	1	1	1	3
OG0001783	1	1	1	3
OG0001784	1	1	1	3
OG0001785	1	1	1	3
OG0001786	1	0	2	3
OG0001787	1	1	1	3
OG0001788	1	1	1	3
OG0001789	1	2	0	3
OG0001790	1	2	0	3
OG0001791	1	2	0	3
OG0001792	1	1	1	3
OG0001793	1	1	1	3
OG0001794	1	1	1	3
OG0001795	1	1	1	3
OG0001796	1	1	1	3
OG0001797	1	1	1	3
OG0001798	1	1	1	3
OG0001799	1	1	1	3
OG0001800	1	1	1	3
OG0001801	1	1	1	3
OG0001802	1	1	1	3
OG0001803	1	1	1	3
OG0001804	1	1	1	3
OG0001805	1	1	1	3
OG0001806	1	1	1	3
OG0001807	1	1	1	3
OG0001808	1	1	1	3
OG0001809	1	1	1	3
OG0001810	1	1	1	3
OG0001811	1	1	1	3
OG0001812	1	1	1	3
OG0001813	1	1	1	3
OG0001814	1	1	1	3
OG0001815	1	1	1	3
OG0001816	1	1	1	3
OG0001817	1	1	1	3
OG0001818	1	1	1	3
OG0001819	1	1	1	3
OG0001820	1	1	1	3
OG0001821	1	1	1	3
OG0001822	1	1	1	3
OG0001823	1	1	1	3
OG0001824	1	1	1	3
OG0001825	1	1	1	3
OG0001826	1	1	1	3
OG0001827	1	1	1	3
OG0001828	1	1	1	3
OG0001829	1	1	1	3
OG0001830	1	1	1	3
OG0001831	1	1	1	3
OG0001832	1	1	1	3
OG0001833	1	1	1	3
OG0001834	1	1	1	3
OG0001835	1	1	1	3
OG0001836	1	1	1	3
OG0001837	1	1	1	3
OG0001838	1	1	1	3
OG0001839	1	1	1	3
OG0001840	1	1	1	3
OG0001841	1	1	1	3
OG0001842	1	1	1	3
OG0001843	1	1	1	3
OG0001844	1	1	1	3
OG0001845	1	1	1	3
OG0001846	1	1	1	3
OG0001847	2	1	0	3
OG0001848	1	1	1	3
OG0001849	1	1	1	3
OG0001850	2	1	0	3
OG0001851	1	1	1	3
OG0001852	1	1	1	3
OG0001853	1	2	0	3
OG0001854	1	1	1	3
OG0001855	1	1	1	3
OG0001856	1	1	1	3
OG0001857	1	1	1	3
OG0001858	1	1	1	3
OG0001859	1	1	1	3
OG0001860	1	1	1	3
OG0001861	1	1	1	3
OG0001862	1	1	1	3
OG0001863	1	1	1	3
OG0001864	1	1	1	3
OG0001865	1	1	1	3
OG0001866	1	1	1	3
OG0001867	1	1	1	3
OG0001868	1	1	1	3
OG0001869	1	1	1	3
OG0001870	1	1	1	3
OG0001871	1	1	1	3
OG0001872	1	1	1	3
OG0001873	1	1	1	3
OG0001874	1	1	1	3
OG0001875	1	1	1	3
OG0001876	1	1	1	3
OG0001877	1	1	1	3
OG0001878	1	1	1	3
OG0001879	1	1	1	3
OG0001880	1	1	1	3
OG0001881	1	1	1	3
OG0001882	1	1	1	3
OG0001883	1	1	1	3
OG0001884	1	1	1	3
OG0001885	1	1	1	3
OG0001886	1	1	1	3
OG0001887	1	1	1	3
OG0001888	1	1	1	3
OG0001889	1	1	1	3
OG0001890	1	1	1	3
OG0001891	1	1	1	3
OG0001892	1	1	1	3
OG0001893	1	1	1	3
OG0001894	1	1	1	3
OG0001895	1	1	1	3
OG0001896	1	1	1	3
OG0001897	1	1	1	3
OG0001898	1	1	1	3
OG0001899	1	1	1	3
OG0001900	1	1	1	3
OG0001901	1	1	1	3
OG0001902	1	1	1	3
OG0001903	1	1	1	3
OG0001904	1	1	1	3
OG0001905	1	1	1	3
OG0001906	1	1	1	3
OG0001907	1	1	1	3
OG0001908	1	1	1	3
OG0001909	1	1	1	3
OG0001910	1	1	1	3
OG0001911	1	1	1	3
OG0001912	1	1	1	3
OG0001913	1	1	1	3
OG0001914	1	1	1	3
OG0001915	1	1	1	3
OG0001916	1	1	1	3
OG0001917	1	1	1	3
OG0001918	1	1	1	3
OG0001919	1	1	1	3
OG0001920	1	1	1	3
OG0001921	1	1	1	3
OG0001922	2	1	0	3
OG0001923	1	1	1	3
OG0001924	1	1	1	3
OG0001925	1	1	1	3
OG0001926	1	1	1	3
OG0001927	1	1	1	3
OG0001928	1	1	1	3
OG0001929	1	1	1	3
OG0001930	2	1	0	3
OG0001931	1	1	1	3
OG0001932	1	1	1	3
OG0001933	1	1	1	3
OG0001934	1	1	1	3
OG0001935	1	1	1	3
OG0001936	1	1	1	3
OG0001937	1	1	1	3
OG0001938	1	1	1	3
OG0001939	1	1	1	3
OG0001940	1	1	1	3
OG0001941	1	1	1	3
OG0001942	1	1	1	3
OG0001943	1	1	1	3
OG0001944	1	1	1	3
OG0001945	1	1	1	3
OG0001946	1	1	1	3
OG0001947	1	1	1	3
OG0001948	1	1	1	3
OG0001949	1	1	1	3
OG0001950	1	1	1	3
OG0001951	1	1	1	3
OG0001952	1	1	1	3
OG0001953	1	1	1	3
OG0001954	1	1	1	3
OG0001955	1	1	1	3
OG0001956	1	1	1	3
OG0001957	2	1	0	3
OG0001958	1	1	1	3
OG0001959	1	1	1	3
OG0001960	1	1	1	3
OG0001961	1	1	1	3
OG0001962	1	1	1	3
OG0001963	1	1	1	3
OG0001964	1	1	1	3
OG0001965	1	1	1	3
OG0001966	1	1	1	3
OG0001967	1	1	1	3
OG0001968	1	1	1	3
OG0001969	1	1	1	3
OG0001970	1	1	1	3
OG0001971	1	1	1	3
OG0001972	1	1	1	3
OG0001973	1	1	1	3
OG0001974	1	1	1	3
OG0001975	1	1	1	3
OG0001976	1	1	1	3
OG0001977	1	1	1	3
OG0001978	1	1	1	3
OG0001979	1	1	1	3
OG0001980	1	1	1	3
OG0001981	1	1	1	3
OG0001982	1	1	1	3
OG0001983	1	1	1	3
OG0001984	1	1	1	3
OG0001985	1	1	1	3
OG0001986	1	1	1	3
OG0001987	1	1	1	3
OG0001988	1	1	1	3
OG0001989	1	1	1	3
OG0001990	1	1	1	3
OG0001991	1	1	1	3
OG0001992	1	1	1	3
OG0001993	1	1	1	3
OG0001994	1	1	1	3
OG0001995	1	1	1	3
OG0001996	1	1	1	3
OG0001997	1	1	1	3
OG0001998	1	1	1	3
OG0001999	1	1	1	3
OG0002000	1	1	1	3
OG0002001	1	1	1	3
OG0002002	1	1	1	3
OG0002003	1	1	1	3
OG0002004	1	1	1	3
OG0002005	1	1	1	3
OG0002006	1	1	1	3
OG0002007	1	1	1	3
OG0002008	1	1	1	3
OG0002009	2	1	0	3
OG0002010	2	1	0	3
OG0002011	1	1	1	3
OG0002012	1	1	1	3
OG0002013	1	1	1	3
OG0002014	1	1	1	3
OG0002015	1	1	1	3
OG0002016	1	1	1	3
OG0002017	1	1	1	3
OG0002018	1	1	1	3
OG0002019	1	1	1	3
OG0002020	1	1	1	3
OG0002021	1	1	1	3
OG0002022	1	1	1	3
OG0002023	1	1	1	3
OG0002024	1	1	1	3
OG0002025	1	1	1	3
OG0002026	1	1	1	3
OG0002027	1	1	1	3
OG0002028	1	1	1	3
OG0002029	1	1	1	3
OG0002030	1	1	1	3
OG0002031	1	1	1	3
OG0002032	1	1	1	3
OG0002033	1	1	1	3
OG0002034	1	1	1	3
OG0002035	1	1	1	3
OG0002036	1	1	1	3
OG0002037	1	1	1	3
OG0002038	1	1	1	3
OG0002039	1	1	1	3
OG0002040	1	1	1	3
OG0002041	1	1	1	3
OG0002042	1	1	1	3
OG0002043	1	1	1	3
OG0002044	1	1	1	3
OG0002045	1	1	1	3
OG0002046	1	1	1	3
OG0002047	1	1	1	3
OG0002048	1	1	1	3
OG0002049	1	1	1	3
OG0002050	1	1	1	3
OG0002051	1	1	1	3
OG0002052	1	1	1	3
OG0002053	1	1	1	3
OG0002054	1	1	1	3
OG0002055	1	1	1	3
OG0002056	1	1	1	3
OG0002057	1	1	1	3
OG0002058	1	1	1	3
OG0002059	1	1	1	3
OG0002060	1	1	1	3
OG0002061	1	1	1	3
OG0002062	1	1	1	3
OG0002063	1	1	1	3
OG0002064	1	1	1	3
OG0002065	1	1	1	3
OG0002066	1	1	1	3
OG0002067	1	1	1	3
OG0002068	1	1	1	3
OG0002069	1	1	1	3
OG0002070	1	1	1	3
OG0002071	1	1	1	3
OG0002072	1	1	1	3
OG0002073	1	1	1	3
OG0002074	1	1	1	3
OG0002075	1	1	1	3
OG0002076	1	1	1	3
OG0002077	1	1	1	3
OG0002078	1	2	0	3
OG0002079	1	1	1	3
OG0002080	1	1	1	3
OG0002081	1	1	1	3
OG0002082	1	1	1	3
OG0002083	1	1	1	3
OG0002084	1	1	1	3
OG0002085	1	1	1	3
OG0002086	1	2	0	3
OG0002087	1	1	1	3
OG0002088	1	1	1	3
OG0002089	1	1	1	3
OG0002090	1	1	1	3
OG0002091	1	1	1	3
OG0002092	1	1	1	3
OG0002093	1	1	1	3
OG0002094	1	1	1	3
OG0002095	1	1	1	3
OG0002096	1	1	1	3
OG0002097	1	1	1	3
OG0002098	1	1	1	3
OG0002099	1	1	1	3
OG0002100	1	1	1	3
OG0002101	1	1	1	3
OG0002102	1	1	1	3
OG0002103	1	1	1	3
OG0002104	1	1	1	3
OG0002105	1	1	1	3
OG0002106	1	1	1	3
OG0002107	1	1	1	3
OG0002108	1	2	0	3
OG0002109	1	1	1	3
OG0002110	1	1	1	3
OG0002111	1	1	1	3
OG0002112	1	1	1	3
OG0002113	1	1	1	3
OG0002114	1	1	1	3
OG0002115	1	1	1	3
OG0002116	1	1	1	3
OG0002117	1	1	1	3
OG0002118	1	1	1	3
OG0002119	1	1	1	3
OG0002120	1	1	1	3
OG0002121	1	1	1	3
OG0002122	1	1	1	3
OG0002123	1	2	0	3
OG0002124	1	1	1	3
OG0002125	1	1	1	3
OG0002126	1	1	1	3
OG0002127	1	1	1	3
OG0002128	1	1	1	3
OG0002129	1	1	1	3
OG0002130	1	1	1	3
OG0002131	1	1	1	3
OG0002132	1	1	1	3
OG0002133	1	1	1	3
OG0002134	1	1	1	3
OG0002135	1	1	1	3
OG0002136	1	1	1	3
OG0002137	1	1	1	3
OG0002138	1	1	1	3
OG0002139	1	1	1	3
OG0002140	1	1	1	3
OG0002141	0	3	0	3
OG0002142	0	3	0	3
OG0002143	0	3	0	3
OG0002144	0	3	0	3
OG0002145	0	3	0	3
OG0002146	0	3	0	3
OG0002147	0	1	2	3
OG0002148	0	3	0	3
OG0002149	0	1	2	3
OG0002150	0	3	0	3
OG0002151	0	3	0	3
OG0002152	0	3	0	3
OG0002153	0	1	2	3
OG0002154	0	1	2	3
OG0002155	0	1	2	3
OG0002156	0	1	2	3
OG0002157	0	0	3	3
OG0002158	0	0	3	3
OG0002159	0	0	3	3
OG0002160	0	0	3	3
OG0002161	0	0	3	3
OG0002162	0	0	3	3
OG0002163	0	0	3	3
OG0002164	0	0	3	3
OG0002165	0	0	3	3
OG0002166	0	0	3	3
OG0002167	0	0	3	3
OG0002168	0	0	3	3
OG0002169	0	0	3	3
OG0002170	0	0	3	3
OG0002171	0	0	3	3
OG0002172	0	0	3	3
OG0002173	0	0	3	3
OG0002174	0	0	3	3
OG0002175	0	0	3	3
OG0002176	0	0	3	3
OG0002177	0	0	3	3
OG0002178	0	0	3	3
OG0002179	0	0	3	3
OG0002180	0	0	3	3
OG0002181	0	0	3	3
OG0002182	0	0	3	3
OG0002183	0	0	3	3
OG0002184	0	0	3	3
OG0002185	0	0	3	3
OG0002186	0	0	3	3
OG0002187	0	0	3	3
OG0002188	0	0	3	3
OG0002189	0	0	3	3
OG0002190	0	0	3	3
OG0002191	0	0	3	3
OG0002192	0	0	3	3
OG0002193	0	0	3	3
OG0002194	0	0	3	3
OG0002195	0	0	3	3
OG0002196	0	0	3	3
OG0002197	0	0	3	3
OG0002198	0	0	3	3
OG0002199	0	0	3	3
OG0002200	0	0	3	3
OG0002201	0	0	3	3
OG0002202	0	0	3	3
OG0002203	0	0	3	3
OG0002204	0	0	3	3
OG0002205	0	0	3	3
OG0002206	0	0	3	3
OG0002207	0	0	3	3
OG0002208	0	0	3	3
OG0002209	0	0	3	3
OG0002210	0	0	3	3
OG0002211	0	0	3	3
OG0002212	0	0	3	3
OG0002213	0	0	3	3
OG0002214	0	0	3	3
OG0002215	0	0	3	3
OG0002216	0	0	3	3
OG0002217	0	0	3	3
OG0002218	0	0	3	3
OG0002219	0	0	3	3
OG0002220	0	0	3	3
OG0002221	0	0	3	3
OG0002222	0	0	3	3
OG0002223	0	0	3	3
OG0002224	0	0	3	3
OG0002225	0	0	3	3
OG0002226	0	0	3	3
OG0002227	0	0	3	3
OG0002228	0	0	3	3
OG0002229	0	0	3	3
OG0002230	0	0	3	3
OG0002231	0	0	3	3
OG0002232	0	0	3	3
OG0002233	0	0	3	3
OG0002234	0	0	3	3
OG0002235	0	0	3	3
OG0002236	0	0	3	3
OG0002237	0	0	3	3
OG0002238	0	0	3	3
OG0002239	0	0	3	3
OG0002240	0	0	3	3
OG0002241	0	0	3	3
OG0002242	0	0	3	3
OG0002243	0	0	3	3
OG0002244	0	0	3	3
OG0002245	0	0	3	3
OG0002246	0	0	3	3
OG0002247	0	0	3	3
OG0002248	0	0	3	3
OG0002249	0	0	3	3
OG0002250	0	0	3	3
OG0002251	0	0	3	3
OG0002252	0	0	3	3
OG0002253	0	0	3	3
OG0002254	0	0	3	3
OG0002255	0	0	3	3
OG0002256	0	0	3	3
OG0002257	0	0	3	3
OG0002258	0	0	3	3
OG0002259	0	0	3	3
OG0002260	0	0	3	3
OG0002261	0	0	3	3
OG0002262	0	0	3	3
OG0002263	0	0	3	3
OG0002264	0	0	3	3
OG0002265	0	0	3	3
OG0002266	0	0	3	3
OG0002267	0	0	3	3
OG0002268	0	0	3	3
OG0002269	0	0	3	3
OG0002270	0	0	3	3
OG0002271	0	0	3	3
OG0002272	0	0	3	3
OG0002273	0	0	3	3
OG0002274	0	0	3	3
OG0002275	0	0	3	3
OG0002276	0	0	3	3
OG0002277	0	0	3	3
OG0002278	0	0	3	3
OG0002279	0	0	3	3
OG0002280	0	0	3	3
OG0002281	0	0	3	3
OG0002282	0	0	3	3
OG0002283	0	0	3	3
OG0002284	0	0	3	3
OG0002285	0	0	3	3
OG0002286	0	0	3	3
OG0002287	0	0	3	3
OG0002288	0	0	3	3
OG0002289	0	0	3	3
OG0002290	1	1	0	2
OG0002291	1	1	0	2
OG0002292	1	1	0	2
OG0002293	1	1	0	2
OG0002294	1	1	0	2
OG0002295	1	1	0	2
OG0002296	1	1	0	2
OG0002297	2	0	0	2
OG0002298	1	1	0	2
OG0002299	1	1	0	2
OG0002300	1	1	0	2
OG0002301	2	0	0	2
OG0002302	1	1	0	2
OG0002303	1	1	0	2
OG0002304	1	1	0	2
OG0002305	1	1	0	2
OG0002306	1	0	1	2
OG0002307	1	1	0	2
OG0002308	1	1	0	2
OG0002309	1	1	0	2
OG0002310	1	1	0	2
OG0002311	1	1	0	2
OG0002312	1	1	0	2
OG0002313	1	1	0	2
OG0002314	1	1	0	2
OG0002315	1	0	1	2
OG0002316	1	1	0	2
OG0002317	1	1	0	2
OG0002318	1	1	0	2
OG0002319	1	1	0	2
OG0002320	1	1	0	2
OG0002321	1	1	0	2
OG0002322	1	1	0	2
OG0002323	1	1	0	2
OG0002324	1	1	0	2
OG0002325	1	1	0	2
OG0002326	1	1	0	2
OG0002327	1	1	0	2
OG0002328	1	1	0	2
OG0002329	1	1	0	2
OG0002330	1	1	0	2
OG0002331	1	1	0	2
OG0002332	1	1	0	2
OG0002333	1	1	0	2
OG0002334	1	1	0	2
OG0002335	1	1	0	2
OG0002336	1	1	0	2
OG0002337	1	1	0	2
OG0002338	1	1	0	2
OG0002339	1	1	0	2
OG0002340	1	1	0	2
OG0002341	1	1	0	2
OG0002342	1	1	0	2
OG0002343	1	1	0	2
OG0002344	1	1	0	2
OG0002345	1	1	0	2
OG0002346	1	1	0	2
OG0002347	1	1	0	2
OG0002348	1	1	0	2
OG0002349	1	1	0	2
OG0002350	2	0	0	2
OG0002351	1	1	0	2
OG0002352	1	1	0	2
OG0002353	1	1	0	2
OG0002354	1	1	0	2
OG0002355	1	1	0	2
OG0002356	2	0	0	2
OG0002357	1	1	0	2
OG0002358	1	1	0	2
OG0002359	1	1	0	2
OG0002360	1	1	0	2
OG0002361	1	1	0	2
OG0002362	1	1	0	2
OG0002363	1	1	0	2
OG0002364	1	1	0	2
OG0002365	1	1	0	2
OG0002366	1	1	0	2
OG0002367	1	1	0	2
OG0002368	1	1	0	2
OG0002369	1	1	0	2
OG0002370	1	1	0	2
OG0002371	1	1	0	2
OG0002372	2	0	0	2
OG0002373	1	1	0	2
OG0002374	1	1	0	2
OG0002375	1	1	0	2
OG0002376	1	1	0	2
OG0002377	1	1	0	2
OG0002378	1	1	0	2
OG0002379	1	1	0	2
OG0002380	1	1	0	2
OG0002381	1	1	0	2
OG0002382	1	1	0	2
OG0002383	1	1	0	2
OG0002384	1	1	0	2
OG0002385	1	1	0	2
OG0002386	1	1	0	2
OG0002387	1	1	0	2
OG0002388	1	1	0	2
OG0002389	1	1	0	2
OG0002390	1	1	0	2
OG0002391	1	0	1	2
OG0002392	1	1	0	2
OG0002393	1	1	0	2
OG0002394	1	1	0	2
OG0002395	1	1	0	2
OG0002396	1	1	0	2
OG0002397	1	1	0	2
OG0002398	1	1	0	2
OG0002399	1	1	0	2
OG0002400	1	1	0	2
OG0002401	1	1	0	2
OG0002402	1	1	0	2
OG0002403	1	1	0	2
OG0002404	1	1	0	2
OG0002405	1	1	0	2
OG0002406	1	1	0	2
OG0002407	1	1	0	2
OG0002408	1	1	0	2
OG0002409	1	1	0	2
OG0002410	2	0	0	2
OG0002411	1	0	1	2
OG0002412	1	1	0	2
OG0002413	1	1	0	2
OG0002414	1	1	0	2
OG0002415	1	1	0	2
OG0002416	1	1	0	2
OG0002417	1	0	1	2
OG0002418	1	1	0	2
OG0002419	1	1	0	2
OG0002420	1	1	0	2
OG0002421	1	1	0	2
OG0002422	1	1	0	2
OG0002423	1	1	0	2
OG0002424	1	1	0	2
OG0002425	1	1	0	2
OG0002426	1	1	0	2
OG0002427	1	1	0	2
OG0002428	1	1	0	2
OG0002429	1	1	0	2
OG0002430	1	1	0	2
OG0002431	1	1	0	2
OG0002432	1	1	0	2
OG0002433	1	1	0	2
OG0002434	1	1	0	2
OG0002435	1	1	0	2
OG0002436	1	0	1	2
OG0002437	1	1	0	2
OG0002438	1	1	0	2
OG0002439	1	1	0	2
OG0002440	1	1	0	2
OG0002441	1	1	0	2
OG0002442	1	1	0	2
OG0002443	1	1	0	2
OG0002444	1	1	0	2
OG0002445	1	1	0	2
OG0002446	1	0	1	2
OG0002447	1	1	0	2
OG0002448	1	1	0	2
OG0002449	1	1	0	2
OG0002450	1	1	0	2
OG0002451	1	1	0	2
OG0002452	1	1	0	2
OG0002453	1	1	0	2
OG0002454	1	1	0	2
OG0002455	1	1	0	2
OG0002456	1	1	0	2
OG0002457	1	1	0	2
OG0002458	1	1	0	2
OG0002459	2	0	0	2
OG0002460	1	1	0	2
OG0002461	1	1	0	2
OG0002462	1	1	0	2
OG0002463	1	1	0	2
OG0002464	1	1	0	2
OG0002465	2	0	0	2
OG0002466	1	1	0	2
OG0002467	1	1	0	2
OG0002468	1	1	0	2
OG0002469	1	1	0	2
OG0002470	1	1	0	2
OG0002471	1	1	0	2
OG0002472	1	1	0	2
OG0002473	1	1	0	2
OG0002474	1	1	0	2
OG0002475	1	1	0	2
OG0002476	1	1	0	2
OG0002477	1	1	0	2
OG0002478	1	1	0	2
OG0002479	1	1	0	2
OG0002480	1	1	0	2
OG0002481	1	1	0	2
OG0002482	1	1	0	2
OG0002483	1	1	0	2
OG0002484	1	1	0	2
OG0002485	1	1	0	2
OG0002486	1	1	0	2
OG0002487	1	1	0	2
OG0002488	1	1	0	2
OG0002489	1	1	0	2
OG0002490	1	1	0	2
OG0002491	1	1	0	2
OG0002492	1	1	0	2
OG0002493	1	1	0	2
OG0002494	1	1	0	2
OG0002495	1	1	0	2
OG0002496	1	1	0	2
OG0002497	1	1	0	2
OG0002498	2	0	0	2
OG0002499	1	1	0	2
OG0002500	1	1	0	2
OG0002501	1	1	0	2
OG0002502	1	1	0	2
OG0002503	1	1	0	2
OG0002504	1	1	0	2
OG0002505	1	1	0	2
OG0002506	1	1	0	2
OG0002507	1	1	0	2
OG0002508	1	1	0	2
OG0002509	1	1	0	2
OG0002510	1	1	0	2
OG0002511	1	1	0	2
OG0002512	1	1	0	2
OG0002513	1	1	0	2
OG0002514	1	1	0	2
OG0002515	1	1	0	2
OG0002516	1	1	0	2
OG0002517	1	1	0	2
OG0002518	1	1	0	2
OG0002519	1	1	0	2
OG0002520	1	1	0	2
OG0002521	1	1	0	2
OG0002522	1	1	0	2
OG0002523	1	1	0	2
OG0002524	2	0	0	2
OG0002525	1	1	0	2
OG0002526	2	0	0	2
OG0002527	1	1	0	2
OG0002528	1	1	0	2
OG0002529	1	1	0	2
OG0002530	1	1	0	2
OG0002531	1	1	0	2
OG0002532	1	1	0	2
OG0002533	1	1	0	2
OG0002534	1	1	0	2
OG0002535	1	1	0	2
OG0002536	1	1	0	2
OG0002537	1	1	0	2
OG0002538	1	1	0	2
OG0002539	1	1	0	2
OG0002540	1	1	0	2
OG0002541	1	1	0	2
OG0002542	1	1	0	2
OG0002543	1	1	0	2
OG0002544	1	1	0	2
OG0002545	1	1	0	2
OG0002546	1	1	0	2
OG0002547	1	1	0	2
OG0002548	1	1	0	2
OG0002549	1	1	0	2
OG0002550	1	1	0	2
OG0002551	1	1	0	2
OG0002552	1	1	0	2
OG0002553	1	1	0	2
OG0002554	1	1	0	2
OG0002555	1	1	0	2
OG0002556	1	1	0	2
OG0002557	1	1	0	2
OG0002558	1	1	0	2
OG0002559	1	1	0	2
OG0002560	1	1	0	2
OG0002561	1	1	0	2
OG0002562	1	1	0	2
OG0002563	1	1	0	2
OG0002564	1	1	0	2
OG0002565	1	1	0	2
OG0002566	1	1	0	2
OG0002567	1	1	0	2
OG0002568	1	1	0	2
OG0002569	1	1	0	2
OG0002570	1	1	0	2
OG0002571	1	1	0	2
OG0002572	1	1	0	2
OG0002573	1	1	0	2
OG0002574	1	1	0	2
OG0002575	1	1	0	2
OG0002576	1	1	0	2
OG0002577	1	1	0	2
OG0002578	1	1	0	2
OG0002579	1	1	0	2
OG0002580	1	1	0	2
OG0002581	1	1	0	2
OG0002582	1	1	0	2
OG0002583	1	1	0	2
OG0002584	2	0	0	2
OG0002585	1	1	0	2
OG0002586	1	1	0	2
OG0002587	1	1	0	2
OG0002588	1	1	0	2
OG0002589	1	1	0	2
OG0002590	1	1	0	2
OG0002591	1	1	0	2
OG0002592	1	1	0	2
OG0002593	1	1	0	2
OG0002594	1	1	0	2
OG0002595	1	1	0	2
OG0002596	1	1	0	2
OG0002597	1	1	0	2
OG0002598	1	1	0	2
OG0002599	1	1	0	2
OG0002600	1	1	0	2
OG0002601	1	1	0	2
OG0002602	1	1	0	2
OG0002603	1	1	0	2
OG0002604	1	1	0	2
OG0002605	1	1	0	2
OG0002606	1	1	0	2
OG0002607	1	1	0	2
OG0002608	1	1	0	2
OG0002609	1	1	0	2
OG0002610	1	1	0	2
OG0002611	1	1	0	2
OG0002612	1	1	0	2
OG0002613	1	1	0	2
OG0002614	1	1	0	2
OG0002615	1	1	0	2
OG0002616	1	1	0	2
OG0002617	1	1	0	2
OG0002618	1	1	0	2
OG0002619	1	1	0	2
OG0002620	1	1	0	2
OG0002621	1	1	0	2
OG0002622	1	1	0	2
OG0002623	1	1	0	2
OG0002624	1	1	0	2
OG0002625	1	1	0	2
OG0002626	1	1	0	2
OG0002627	1	1	0	2
OG0002628	1	1	0	2
OG0002629	1	1	0	2
OG0002630	1	1	0	2
OG0002631	1	1	0	2
OG0002632	1	1	0	2
OG0002633	1	1	0	2
OG0002634	1	1	0	2
OG0002635	1	1	0	2
OG0002636	1	1	0	2
OG0002637	1	1	0	2
OG0002638	1	1	0	2
OG0002639	1	1	0	2
OG0002640	1	1	0	2
OG0002641	1	1	0	2
OG0002642	1	1	0	2
OG0002643	1	1	0	2
OG0002644	1	1	0	2
OG0002645	1	1	0	2
OG0002646	1	1	0	2
OG0002647	1	1	0	2
OG0002648	1	1	0	2
OG0002649	1	1	0	2
OG0002650	1	1	0	2
OG0002651	1	1	0	2
OG0002652	1	1	0	2
OG0002653	1	1	0	2
OG0002654	1	1	0	2
OG0002655	1	1	0	2
OG0002656	1	1	0	2
OG0002657	1	1	0	2
OG0002658	1	1	0	2
OG0002659	2	0	0	2
OG0002660	1	1	0	2
OG0002661	1	1	0	2
OG0002662	1	1	0	2
OG0002663	1	1	0	2
OG0002664	1	1	0	2
OG0002665	1	1	0	2
OG0002666	1	1	0	2
OG0002667	1	1	0	2
OG0002668	1	1	0	2
OG0002669	1	1	0	2
OG0002670	1	1	0	2
OG0002671	1	1	0	2
OG0002672	1	0	1	2
OG0002673	1	1	0	2
OG0002674	1	1	0	2
OG0002675	1	1	0	2
OG0002676	1	1	0	2
OG0002677	1	1	0	2
OG0002678	1	1	0	2
OG0002679	1	1	0	2
OG0002680	1	1	0	2
OG0002681	1	1	0	2
OG0002682	1	1	0	2
OG0002683	1	1	0	2
OG0002684	1	1	0	2
OG0002685	1	1	0	2
OG0002686	1	1	0	2
OG0002687	1	1	0	2
OG0002688	1	1	0	2
OG0002689	1	1	0	2
OG0002690	1	1	0	2
OG0002691	1	1	0	2
OG0002692	1	1	0	2
OG0002693	1	1	0	2
OG0002694	1	1	0	2
OG0002695	1	1	0	2
OG0002696	1	1	0	2
OG0002697	1	1	0	2
OG0002698	1	1	0	2
OG0002699	1	1	0	2
OG0002700	1	1	0	2
OG0002701	1	1	0	2
OG0002702	1	1	0	2
OG0002703	1	1	0	2
OG0002704	1	1	0	2
OG0002705	2	0	0	2
OG0002706	1	1	0	2
OG0002707	1	1	0	2
OG0002708	1	1	0	2
OG0002709	1	1	0	2
OG0002710	1	1	0	2
OG0002711	1	1	0	2
OG0002712	1	1	0	2
OG0002713	1	1	0	2
OG0002714	1	1	0	2
OG0002715	1	1	0	2
OG0002716	1	1	0	2
OG0002717	1	1	0	2
OG0002718	1	1	0	2
OG0002719	1	1	0	2
OG0002720	1	1	0	2
OG0002721	1	1	0	2
OG0002722	1	1	0	2
OG0002723	1	1	0	2
OG0002724	1	1	0	2
OG0002725	1	1	0	2
OG0002726	1	1	0	2
OG0002727	1	1	0	2
OG0002728	1	1	0	2
OG0002729	1	1	0	2
OG0002730	1	1	0	2
OG0002731	1	1	0	2
OG0002732	1	1	0	2
OG0002733	1	1	0	2
OG0002734	1	1	0	2
OG0002735	1	1	0	2
OG0002736	1	1	0	2
OG0002737	1	1	0	2
OG0002738	2	0	0	2
OG0002739	1	1	0	2
OG0002740	1	1	0	2
OG0002741	1	1	0	2
OG0002742	1	1	0	2
OG0002743	1	1	0	2
OG0002744	1	1	0	2
OG0002745	1	1	0	2
OG0002746	1	1	0	2
OG0002747	1	1	0	2
OG0002748	1	1	0	2
OG0002749	1	1	0	2
OG0002750	1	1	0	2
OG0002751	1	1	0	2
OG0002752	1	1	0	2
OG0002753	1	1	0	2
OG0002754	1	1	0	2
OG0002755	1	1	0	2
OG0002756	1	1	0	2
OG0002757	1	1	0	2
OG0002758	1	1	0	2
OG0002759	1	1	0	2
OG0002760	1	1	0	2
OG0002761	1	1	0	2
OG0002762	1	1	0	2
OG0002763	1	1	0	2
OG0002764	1	1	0	2
OG0002765	1	1	0	2
OG0002766	1	1	0	2
OG0002767	1	1	0	2
OG0002768	1	1	0	2
OG0002769	1	1	0	2
OG0002770	1	1	0	2
OG0002771	1	1	0	2
OG0002772	1	1	0	2
OG0002773	1	1	0	2
OG0002774	1	1	0	2
OG0002775	1	1	0	2
OG0002776	1	1	0	2
OG0002777	1	1	0	2
OG0002778	1	1	0	2
OG0002779	1	1	0	2
OG0002780	1	1	0	2
OG0002781	1	1	0	2
OG0002782	1	1	0	2
OG0002783	1	1	0	2
OG0002784	1	1	0	2
OG0002785	1	1	0	2
OG0002786	1	1	0	2
OG0002787	1	1	0	2
OG0002788	1	0	1	2
OG0002789	1	1	0	2
OG0002790	1	1	0	2
OG0002791	1	1	0	2
OG0002792	1	1	0	2
OG0002793	1	1	0	2
OG0002794	2	0	0	2
OG0002795	1	1	0	2
OG0002796	1	1	0	2
OG0002797	1	1	0	2
OG0002798	1	1	0	2
OG0002799	1	0	1	2
OG0002800	1	1	0	2
OG0002801	1	0	1	2
OG0002802	1	1	0	2
OG0002803	1	1	0	2
OG0002804	1	1	0	2
OG0002805	1	1	0	2
OG0002806	1	1	0	2
OG0002807	1	1	0	2
OG0002808	1	1	0	2
OG0002809	1	0	1	2
OG0002810	1	1	0	2
OG0002811	1	1	0	2
OG0002812	1	1	0	2
OG0002813	1	1	0	2
OG0002814	1	1	0	2
OG0002815	1	1	0	2
OG0002816	1	1	0	2
OG0002817	1	1	0	2
OG0002818	1	1	0	2
OG0002819	1	1	0	2
OG0002820	1	1	0	2
OG0002821	1	1	0	2
OG0002822	1	1	0	2
OG0002823	1	1	0	2
OG0002824	1	1	0	2
OG0002825	1	1	0	2
OG0002826	1	1	0	2
OG0002827	1	1	0	2
OG0002828	1	1	0	2
OG0002829	1	1	0	2
OG0002830	1	1	0	2
OG0002831	1	1	0	2
OG0002832	1	1	0	2
OG0002833	1	1	0	2
OG0002834	1	1	0	2
OG0002835	1	1	0	2
OG0002836	1	1	0	2
OG0002837	1	1	0	2
OG0002838	1	1	0	2
OG0002839	1	1	0	2
OG0002840	1	1	0	2
OG0002841	1	1	0	2
OG0002842	1	1	0	2
OG0002843	1	1	0	2
OG0002844	1	1	0	2
OG0002845	1	1	0	2
OG0002846	1	1	0	2
OG0002847	1	1	0	2
OG0002848	1	1	0	2
OG0002849	1	1	0	2
OG0002850	1	1	0	2
OG0002851	1	1	0	2
OG0002852	1	1	0	2
OG0002853	1	1	0	2
OG0002854	1	1	0	2
OG0002855	2	0	0	2
OG0002856	1	1	0	2
OG0002857	1	1	0	2
OG0002858	1	1	0	2
OG0002859	1	1	0	2
OG0002860	1	1	0	2
OG0002861	1	1	0	2
OG0002862	1	0	1	2
OG0002863	1	1	0	2
OG0002864	1	1	0	2
OG0002865	1	1	0	2
OG0002866	1	1	0	2
OG0002867	1	1	0	2
OG0002868	1	1	0	2
OG0002869	1	1	0	2
OG0002870	1	1	0	2
OG0002871	1	1	0	2
OG0002872	1	1	0	2
OG0002873	1	1	0	2
OG0002874	1	1	0	2
OG0002875	1	1	0	2
OG0002876	1	1	0	2
OG0002877	1	1	0	2
OG0002878	1	1	0	2
OG0002879	1	1	0	2
OG0002880	1	1	0	2
OG0002881	1	1	0	2
OG0002882	1	1	0	2
OG0002883	1	1	0	2
OG0002884	1	1	0	2
OG0002885	1	1	0	2
OG0002886	1	1	0	2
OG0002887	1	1	0	2
OG0002888	1	1	0	2
OG0002889	1	1	0	2
OG0002890	1	1	0	2
OG0002891	1	1	0	2
OG0002892	1	1	0	2
OG0002893	1	1	0	2
OG0002894	1	1	0	2
OG0002895	1	1	0	2
OG0002896	1	1	0	2
OG0002897	1	1	0	2
OG0002898	1	1	0	2
OG0002899	1	1	0	2
OG0002900	1	1	0	2
OG0002901	1	1	0	2
OG0002902	1	1	0	2
OG0002903	1	1	0	2
OG0002904	1	1	0	2
OG0002905	1	1	0	2
OG0002906	1	1	0	2
OG0002907	1	1	0	2
OG0002908	1	1	0	2
OG0002909	1	1	0	2
OG0002910	1	1	0	2
OG0002911	1	1	0	2
OG0002912	1	1	0	2
OG0002913	1	1	0	2
OG0002914	1	1	0	2
OG0002915	1	1	0	2
OG0002916	1	1	0	2
OG0002917	1	1	0	2
OG0002918	1	1	0	2
OG0002919	1	1	0	2
OG0002920	1	1	0	2
OG0002921	1	1	0	2
OG0002922	1	1	0	2
OG0002923	1	1	0	2
OG0002924	1	1	0	2
OG0002925	1	1	0	2
OG0002926	1	1	0	2
OG0002927	1	1	0	2
OG0002928	1	1	0	2
OG0002929	1	1	0	2
OG0002930	1	1	0	2
OG0002931	1	1	0	2
OG0002932	1	1	0	2
OG0002933	1	1	0	2
OG0002934	1	1	0	2
OG0002935	1	1	0	2
OG0002936	1	1	0	2
OG0002937	1	1	0	2
OG0002938	1	1	0	2
OG0002939	1	1	0	2
OG0002940	1	0	1	2
OG0002941	1	1	0	2
OG0002942	1	1	0	2
OG0002943	1	1	0	2
OG0002944	1	1	0	2
OG0002945	1	1	0	2
OG0002946	1	1	0	2
OG0002947	1	1	0	2
OG0002948	1	1	0	2
OG0002949	1	1	0	2
OG0002950	1	1	0	2
OG0002951	1	1	0	2
OG0002952	1	0	1	2
OG0002953	1	1	0	2
OG0002954	1	1	0	2
OG0002955	1	1	0	2
OG0002956	1	1	0	2
OG0002957	1	1	0	2
OG0002958	1	1	0	2
OG0002959	1	1	0	2
OG0002960	1	1	0	2
OG0002961	1	1	0	2
OG0002962	1	1	0	2
OG0002963	1	1	0	2
OG0002964	1	1	0	2
OG0002965	1	1	0	2
OG0002966	1	0	1	2
OG0002967	1	1	0	2
OG0002968	1	1	0	2
OG0002969	1	1	0	2
OG0002970	1	1	0	2
OG0002971	1	1	0	2
OG0002972	1	1	0	2
OG0002973	1	1	0	2
OG0002974	1	1	0	2
OG0002975	1	1	0	2
OG0002976	1	1	0	2
OG0002977	1	1	0	2
OG0002978	1	1	0	2
OG0002979	1	1	0	2
OG0002980	1	1	0	2
OG0002981	1	1	0	2
OG0002982	1	1	0	2
OG0002983	1	1	0	2
OG0002984	2	0	0	2
OG0002985	1	1	0	2
OG0002986	1	1	0	2
OG0002987	1	1	0	2
OG0002988	1	1	0	2
OG0002989	1	1	0	2
OG0002990	1	1	0	2
OG0002991	1	1	0	2
OG0002992	1	1	0	2
OG0002993	1	1	0	2
OG0002994	1	1	0	2
OG0002995	1	0	1	2
OG0002996	1	1	0	2
OG0002997	1	1	0	2
OG0002998	1	1	0	2
OG0002999	1	1	0	2
OG0003000	1	1	0	2
OG0003001	1	1	0	2
OG0003002	1	1	0	2
OG0003003	1	1	0	2
OG0003004	1	1	0	2
OG0003005	1	1	0	2
OG0003006	1	1	0	2
OG0003007	1	1	0	2
OG0003008	1	1	0	2
OG0003009	1	1	0	2
OG0003010	1	1	0	2
OG0003011	1	1	0	2
OG0003012	1	1	0	2
OG0003013	1	1	0	2
OG0003014	1	1	0	2
OG0003015	1	1	0	2
OG0003016	1	1	0	2
OG0003017	1	1	0	2
OG0003018	1	1	0	2
OG0003019	1	1	0	2
OG0003020	1	1	0	2
OG0003021	1	1	0	2
OG0003022	1	1	0	2
OG0003023	1	1	0	2
OG0003024	1	1	0	2
OG0003025	1	1	0	2
OG0003026	1	1	0	2
OG0003027	1	1	0	2
OG0003028	1	1	0	2
OG0003029	1	1	0	2
OG0003030	1	1	0	2
OG0003031	1	1	0	2
OG0003032	1	1	0	2
OG0003033	2	0	0	2
OG0003034	1	1	0	2
OG0003035	1	1	0	2
OG0003036	1	1	0	2
OG0003037	1	1	0	2
OG0003038	1	1	0	2
OG0003039	1	1	0	2
OG0003040	1	1	0	2
OG0003041	1	1	0	2
OG0003042	1	1	0	2
OG0003043	1	1	0	2
OG0003044	1	1	0	2
OG0003045	1	1	0	2
OG0003046	1	1	0	2
OG0003047	1	1	0	2
OG0003048	1	0	1	2
OG0003049	2	0	0	2
OG0003050	1	1	0	2
OG0003051	1	1	0	2
OG0003052	1	1	0	2
OG0003053	1	1	0	2
OG0003054	1	1	0	2
OG0003055	1	1	0	2
OG0003056	1	1	0	2
OG0003057	1	1	0	2
OG0003058	1	1	0	2
OG0003059	1	1	0	2
OG0003060	1	1	0	2
OG0003061	1	1	0	2
OG0003062	1	1	0	2
OG0003063	1	1	0	2
OG0003064	1	1	0	2
OG0003065	1	1	0	2
OG0003066	1	1	0	2
OG0003067	1	1	0	2
OG0003068	1	1	0	2
OG0003069	1	1	0	2
OG0003070	1	1	0	2
OG0003071	1	1	0	2
OG0003072	1	1	0	2
OG0003073	1	1	0	2
OG0003074	1	1	0	2
OG0003075	1	1	0	2
OG0003076	1	1	0	2
OG0003077	1	1	0	2
OG0003078	1	1	0	2
OG0003079	1	1	0	2
OG0003080	1	1	0	2
OG0003081	1	1	0	2
OG0003082	1	1	0	2
OG0003083	1	1	0	2
OG0003084	1	1	0	2
OG0003085	1	1	0	2
OG0003086	1	1	0	2
OG0003087	1	1	0	2
OG0003088	1	1	0	2
OG0003089	1	1	0	2
OG0003090	1	1	0	2
OG0003091	1	1	0	2
OG0003092	1	1	0	2
OG0003093	1	1	0	2
OG0003094	1	1	0	2
OG0003095	1	0	1	2
OG0003096	1	1	0	2
OG0003097	1	1	0	2
OG0003098	1	1	0	2
OG0003099	1	1	0	2
OG0003100	1	1	0	2
OG0003101	1	1	0	2
OG0003102	2	0	0	2
OG0003103	1	1	0	2
OG0003104	1	1	0	2
OG0003105	1	1	0	2
OG0003106	1	1	0	2
OG0003107	1	1	0	2
OG0003108	1	1	0	2
OG0003109	1	1	0	2
OG0003110	1	1	0	2
OG0003111	1	1	0	2
OG0003112	1	1	0	2
OG0003113	1	1	0	2
OG0003114	1	1	0	2
OG0003115	1	1	0	2
OG0003116	1	1	0	2
OG0003117	1	1	0	2
OG0003118	1	1	0	2
OG0003119	1	1	0	2
OG0003120	1	1	0	2
OG0003121	1	1	0	2
OG0003122	1	1	0	2
OG0003123	1	1	0	2
OG0003124	1	1	0	2
OG0003125	1	1	0	2
OG0003126	1	1	0	2
OG0003127	2	0	0	2
OG0003128	1	1	0	2
OG0003129	1	1	0	2
OG0003130	1	1	0	2
OG0003131	1	1	0	2
OG0003132	1	1	0	2
OG0003133	1	1	0	2
OG0003134	1	1	0	2
OG0003135	1	1	0	2
OG0003136	1	1	0	2
OG0003137	1	1	0	2
OG0003138	1	1	0	2
OG0003139	1	1	0	2
OG0003140	1	1	0	2
OG0003141	1	1	0	2
OG0003142	1	1	0	2
OG0003143	1	1	0	2
OG0003144	1	1	0	2
OG0003145	1	1	0	2
OG0003146	1	1	0	2
OG0003147	1	1	0	2
OG0003148	1	1	0	2
OG0003149	1	1	0	2
OG0003150	1	1	0	2
OG0003151	1	1	0	2
OG0003152	1	1	0	2
OG0003153	1	1	0	2
OG0003154	1	1	0	2
OG0003155	1	1	0	2
OG0003156	1	1	0	2
OG0003157	1	1	0	2
OG0003158	1	1	0	2
OG0003159	1	1	0	2
OG0003160	1	1	0	2
OG0003161	1	1	0	2
OG0003162	1	1	0	2
OG0003163	1	1	0	2
OG0003164	1	1	0	2
OG0003165	1	1	0	2
OG0003166	1	1	0	2
OG0003167	1	1	0	2
OG0003168	1	1	0	2
OG0003169	1	1	0	2
OG0003170	1	1	0	2
OG0003171	1	1	0	2
OG0003172	1	1	0	2
OG0003173	1	1	0	2
OG0003174	1	1	0	2
OG0003175	1	1	0	2
OG0003176	1	1	0	2
OG0003177	2	0	0	2
OG0003178	1	1	0	2
OG0003179	1	1	0	2
OG0003180	1	1	0	2
OG0003181	1	1	0	2
OG0003182	1	1	0	2
OG0003183	1	1	0	2
OG0003184	1	1	0	2
OG0003185	1	1	0	2
OG0003186	1	1	0	2
OG0003187	1	0	1	2
OG0003188	1	1	0	2
OG0003189	1	0	1	2
OG0003190	1	1	0	2
OG0003191	1	1	0	2
OG0003192	2	0	0	2
OG0003193	1	1	0	2
OG0003194	1	1	0	2
OG0003195	1	1	0	2
OG0003196	1	1	0	2
OG0003197	1	1	0	2
OG0003198	1	1	0	2
OG0003199	1	1	0	2
OG0003200	1	1	0	2
OG0003201	1	1	0	2
OG0003202	1	1	0	2
OG0003203	1	1	0	2
OG0003204	1	1	0	2
OG0003205	1	1	0	2
OG0003206	1	1	0	2
OG0003207	1	1	0	2
OG0003208	1	1	0	2
OG0003209	1	1	0	2
OG0003210	1	1	0	2
OG0003211	1	1	0	2
OG0003212	1	1	0	2
OG0003213	1	1	0	2
OG0003214	1	1	0	2
OG0003215	1	1	0	2
OG0003216	1	1	0	2
OG0003217	1	1	0	2
OG0003218	1	1	0	2
OG0003219	1	1	0	2
OG0003220	1	1	0	2
OG0003221	2	0	0	2
OG0003222	1	1	0	2
OG0003223	1	1	0	2
OG0003224	1	1	0	2
OG0003225	1	1	0	2
OG0003226	1	1	0	2
OG0003227	1	0	1	2
OG0003228	1	1	0	2
OG0003229	1	1	0	2
OG0003230	1	1	0	2
OG0003231	1	1	0	2
OG0003232	1	1	0	2
OG0003233	1	1	0	2
OG0003234	1	1	0	2
OG0003235	1	1	0	2
OG0003236	1	1	0	2
OG0003237	1	1	0	2
OG0003238	2	0	0	2
OG0003239	1	1	0	2
OG0003240	1	1	0	2
OG0003241	1	1	0	2
OG0003242	1	1	0	2
OG0003243	1	1	0	2
OG0003244	1	1	0	2
OG0003245	1	1	0	2
OG0003246	1	1	0	2
OG0003247	1	1	0	2
OG0003248	1	1	0	2
OG0003249	1	1	0	2
OG0003250	1	1	0	2
OG0003251	1	1	0	2
OG0003252	1	1	0	2
OG0003253	1	1	0	2
OG0003254	1	1	0	2
OG0003255	1	1	0	2
OG0003256	1	1	0	2
OG0003257	1	1	0	2
OG0003258	1	1	0	2
OG0003259	1	1	0	2
OG0003260	1	1	0	2
OG0003261	1	1	0	2
OG0003262	1	1	0	2
OG0003263	1	1	0	2
OG0003264	1	1	0	2
OG0003265	1	1	0	2
OG0003266	1	1	0	2
OG0003267	1	1	0	2
OG0003268	1	1	0	2
OG0003269	1	0	1	2
OG0003270	1	1	0	2
OG0003271	1	1	0	2
OG0003272	1	1	0	2
OG0003273	1	1	0	2
OG0003274	1	1	0	2
OG0003275	1	1	0	2
OG0003276	1	1	0	2
OG0003277	1	0	1	2
OG0003278	1	1	0	2
OG0003279	1	0	1	2
OG0003280	1	1	0	2
OG0003281	1	1	0	2
OG0003282	1	1	0	2
OG0003283	1	1	0	2
OG0003284	1	1	0	2
OG0003285	1	1	0	2
OG0003286	1	1	0	2
OG0003287	1	1	0	2
OG0003288	1	1	0	2
OG0003289	1	0	1	2
OG0003290	1	1	0	2
OG0003291	1	1	0	2
OG0003292	1	1	0	2
OG0003293	1	1	0	2
OG0003294	1	1	0	2
OG0003295	1	1	0	2
OG0003296	1	1	0	2
OG0003297	1	1	0	2
OG0003298	1	1	0	2
OG0003299	1	1	0	2
OG0003300	1	1	0	2
OG0003301	1	1	0	2
OG0003302	1	1	0	2
OG0003303	1	1	0	2
OG0003304	1	1	0	2
OG0003305	1	1	0	2
OG0003306	1	1	0	2
OG0003307	1	1	0	2
OG0003308	1	1	0	2
OG0003309	1	1	0	2
OG0003310	1	1	0	2
OG0003311	1	1	0	2
OG0003312	2	0	0	2
OG0003313	1	1	0	2
OG0003314	1	1	0	2
OG0003315	1	1	0	2
OG0003316	1	1	0	2
OG0003317	1	1	0	2
OG0003318	1	1	0	2
OG0003319	1	1	0	2
OG0003320	1	1	0	2
OG0003321	1	1	0	2
OG0003322	1	1	0	2
OG0003323	1	1	0	2
OG0003324	1	1	0	2
OG0003325	1	1	0	2
OG0003326	1	1	0	2
OG0003327	1	1	0	2
OG0003328	1	1	0	2
OG0003329	1	1	0	2
OG0003330	1	1	0	2
OG0003331	1	1	0	2
OG0003332	1	1	0	2
OG0003333	1	1	0	2
OG0003334	1	1	0	2
OG0003335	1	1	0	2
OG0003336	1	1	0	2
OG0003337	1	1	0	2
OG0003338	1	1	0	2
OG0003339	1	1	0	2
OG0003340	1	1	0	2
OG0003341	1	1	0	2
OG0003342	1	1	0	2
OG0003343	1	1	0	2
OG0003344	1	1	0	2
OG0003345	1	1	0	2
OG0003346	1	0	1	2
OG0003347	1	1	0	2
OG0003348	1	1	0	2
OG0003349	1	1	0	2
OG0003350	1	1	0	2
OG0003351	1	1	0	2
OG0003352	1	1	0	2
OG0003353	1	1	0	2
OG0003354	1	1	0	2
OG0003355	1	1	0	2
OG0003356	1	1	0	2
OG0003357	1	0	1	2
OG0003358	1	1	0	2
OG0003359	1	1	0	2
OG0003360	1	1	0	2
OG0003361	1	1	0	2
OG0003362	1	1	0	2
OG0003363	1	1	0	2
OG0003364	1	1	0	2
OG0003365	1	1	0	2
OG0003366	1	1	0	2
OG0003367	1	1	0	2
OG0003368	1	1	0	2
OG0003369	1	1	0	2
OG0003370	1	1	0	2
OG0003371	1	1	0	2
OG0003372	1	1	0	2
OG0003373	1	1	0	2
OG0003374	1	1	0	2
OG0003375	1	1	0	2
OG0003376	1	1	0	2
OG0003377	1	1	0	2
OG0003378	1	1	0	2
OG0003379	1	1	0	2
OG0003380	1	1	0	2
OG0003381	1	1	0	2
OG0003382	1	1	0	2
OG0003383	1	1	0	2
OG0003384	1	1	0	2
OG0003385	1	1	0	2
OG0003386	1	1	0	2
OG0003387	1	1	0	2
OG0003388	1	1	0	2
OG0003389	1	1	0	2
OG0003390	1	1	0	2
OG0003391	1	1	0	2
OG0003392	1	1	0	2
OG0003393	1	1	0	2
OG0003394	1	1	0	2
OG0003395	1	1	0	2
OG0003396	1	1	0	2
OG0003397	1	1	0	2
OG0003398	1	1	0	2
OG0003399	1	1	0	2
OG0003400	1	1	0	2
OG0003401	1	1	0	2
OG0003402	1	1	0	2
OG0003403	1	1	0	2
OG0003404	1	1	0	2
OG0003405	1	1	0	2
OG0003406	1	1	0	2
OG0003407	1	0	1	2
OG0003408	1	1	0	2
OG0003409	1	1	0	2
OG0003410	1	1	0	2
OG0003411	1	1	0	2
OG0003412	1	1	0	2
OG0003413	1	1	0	2
OG0003414	1	1	0	2
OG0003415	1	1	0	2
OG0003416	1	1	0	2
OG0003417	1	1	0	2
OG0003418	1	1	0	2
OG0003419	1	1	0	2
OG0003420	1	1	0	2
OG0003421	1	1	0	2
OG0003422	1	1	0	2
OG0003423	1	1	0	2
OG0003424	1	1	0	2
OG0003425	1	1	0	2
OG0003426	1	1	0	2
OG0003427	1	1	0	2
OG0003428	1	1	0	2
OG0003429	1	1	0	2
OG0003430	1	1	0	2
OG0003431	1	1	0	2
OG0003432	1	1	0	2
OG0003433	1	1	0	2
OG0003434	1	1	0	2
OG0003435	1	1	0	2
OG0003436	1	1	0	2
OG0003437	1	0	1	2
OG0003438	1	1	0	2
OG0003439	1	1	0	2
OG0003440	1	1	0	2
OG0003441	1	1	0	2
OG0003442	1	1	0	2
OG0003443	1	1	0	2
OG0003444	1	1	0	2
OG0003445	1	1	0	2
OG0003446	2	0	0	2
OG0003447	2	0	0	2
OG0003448	1	1	0	2
OG0003449	1	1	0	2
OG0003450	1	1	0	2
OG0003451	1	1	0	2
OG0003452	1	1	0	2
OG0003453	1	1	0	2
OG0003454	1	1	0	2
OG0003455	1	1	0	2
OG0003456	1	1	0	2
OG0003457	1	1	0	2
OG0003458	1	1	0	2
OG0003459	1	1	0	2
OG0003460	1	1	0	2
OG0003461	1	1	0	2
OG0003462	1	0	1	2
OG0003463	1	1	0	2
OG0003464	1	1	0	2
OG0003465	1	1	0	2
OG0003466	1	1	0	2
OG0003467	1	1	0	2
OG0003468	1	1	0	2
OG0003469	1	1	0	2
OG0003470	1	1	0	2
OG0003471	1	1	0	2
OG0003472	1	1	0	2
OG0003473	1	1	0	2
OG0003474	1	1	0	2
OG0003475	1	1	0	2
OG0003476	1	1	0	2
OG0003477	1	1	0	2
OG0003478	1	1	0	2
OG0003479	1	1	0	2
OG0003480	1	1	0	2
OG0003481	1	1	0	2
OG0003482	1	1	0	2
OG0003483	1	1	0	2
OG0003484	1	1	0	2
OG0003485	1	1	0	2
OG0003486	1	1	0	2
OG0003487	1	1	0	2
OG0003488	1	1	0	2
OG0003489	1	1	0	2
OG0003490	1	1	0	2
OG0003491	1	1	0	2
OG0003492	1	1	0	2
OG0003493	1	1	0	2
OG0003494	1	1	0	2
OG0003495	1	0	1	2
OG0003496	1	1	0	2
OG0003497	1	1	0	2
OG0003498	1	1	0	2
OG0003499	1	1	0	2
OG0003500	1	1	0	2
OG0003501	2	0	0	2
OG0003502	1	1	0	2
OG0003503	1	1	0	2
OG0003504	1	1	0	2
OG0003505	1	1	0	2
OG0003506	1	1	0	2
OG0003507	1	1	0	2
OG0003508	1	1	0	2
OG0003509	1	1	0	2
OG0003510	1	1	0	2
OG0003511	1	1	0	2
OG0003512	1	1	0	2
OG0003513	1	1	0	2
OG0003514	1	1	0	2
OG0003515	1	1	0	2
OG0003516	1	1	0	2
OG0003517	1	1	0	2
OG0003518	1	1	0	2
OG0003519	1	1	0	2
OG0003520	1	1	0	2
OG0003521	1	1	0	2
OG0003522	1	1	0	2
OG0003523	1	1	0	2
OG0003524	1	1	0	2
OG0003525	1	1	0	2
OG0003526	1	1	0	2
OG0003527	1	1	0	2
OG0003528	1	1	0	2
OG0003529	1	1	0	2
OG0003530	1	0	1	2
OG0003531	1	1	0	2
OG0003532	1	1	0	2
OG0003533	1	1	0	2
OG0003534	1	1	0	2
OG0003535	1	1	0	2
OG0003536	1	1	0	2
OG0003537	1	1	0	2
OG0003538	1	1	0	2
OG0003539	1	1	0	2
OG0003540	1	1	0	2
OG0003541	1	1	0	2
OG0003542	1	1	0	2
OG0003543	1	1	0	2
OG0003544	1	1	0	2
OG0003545	1	1	0	2
OG0003546	1	1	0	2
OG0003547	1	1	0	2
OG0003548	1	1	0	2
OG0003549	1	1	0	2
OG0003550	1	1	0	2
OG0003551	1	1	0	2
OG0003552	1	1	0	2
OG0003553	1	1	0	2
OG0003554	1	1	0	2
OG0003555	1	1	0	2
OG0003556	1	1	0	2
OG0003557	1	1	0	2
OG0003558	1	1	0	2
OG0003559	1	1	0	2
OG0003560	1	1	0	2
OG0003561	1	1	0	2
OG0003562	1	1	0	2
OG0003563	1	1	0	2
OG0003564	1	1	0	2
OG0003565	1	1	0	2
OG0003566	1	1	0	2
OG0003567	1	1	0	2
OG0003568	1	1	0	2
OG0003569	1	1	0	2
OG0003570	1	1	0	2
OG0003571	1	1	0	2
OG0003572	1	1	0	2
OG0003573	1	1	0	2
OG0003574	1	1	0	2
OG0003575	1	1	0	2
OG0003576	1	1	0	2
OG0003577	1	0	1	2
OG0003578	1	1	0	2
OG0003579	1	1	0	2
OG0003580	1	1	0	2
OG0003581	1	1	0	2
OG0003582	1	1	0	2
OG0003583	1	1	0	2
OG0003584	1	1	0	2
OG0003585	1	1	0	2
OG0003586	1	1	0	2
OG0003587	1	1	0	2
OG0003588	1	1	0	2
OG0003589	1	1	0	2
OG0003590	1	1	0	2
OG0003591	1	1	0	2
OG0003592	1	1	0	2
OG0003593	1	1	0	2
OG0003594	1	1	0	2
OG0003595	1	1	0	2
OG0003596	1	1	0	2
OG0003597	1	1	0	2
OG0003598	1	1	0	2
OG0003599	1	1	0	2
OG0003600	1	1	0	2
OG0003601	1	1	0	2
OG0003602	1	1	0	2
OG0003603	1	1	0	2
OG0003604	1	1	0	2
OG0003605	1	1	0	2
OG0003606	1	1	0	2
OG0003607	1	1	0	2
OG0003608	1	0	1	2
OG0003609	1	1	0	2
OG0003610	1	1	0	2
OG0003611	1	1	0	2
OG0003612	1	1	0	2
OG0003613	1	1	0	2
OG0003614	1	1	0	2
OG0003615	1	1	0	2
OG0003616	1	1	0	2
OG0003617	1	1	0	2
OG0003618	1	1	0	2
OG0003619	1	1	0	2
OG0003620	1	1	0	2
OG0003621	1	1	0	2
OG0003622	1	1	0	2
OG0003623	1	1	0	2
OG0003624	1	1	0	2
OG0003625	1	1	0	2
OG0003626	1	1	0	2
OG0003627	1	1	0	2
OG0003628	1	1	0	2
OG0003629	1	1	0	2
OG0003630	1	1	0	2
OG0003631	1	1	0	2
OG0003632	1	1	0	2
OG0003633	1	1	0	2
OG0003634	1	1	0	2
OG0003635	1	1	0	2
OG0003636	1	0	1	2
OG0003637	1	1	0	2
OG0003638	1	1	0	2
OG0003639	1	1	0	2
OG0003640	1	1	0	2
OG0003641	1	1	0	2
OG0003642	1	1	0	2
OG0003643	1	1	0	2
OG0003644	1	1	0	2
OG0003645	1	1	0	2
OG0003646	1	1	0	2
OG0003647	1	1	0	2
OG0003648	1	1	0	2
OG0003649	1	1	0	2
OG0003650	1	1	0	2
OG0003651	1	1	0	2
OG0003652	1	0	1	2
OG0003653	1	1	0	2
OG0003654	1	1	0	2
OG0003655	1	1	0	2
OG0003656	1	1	0	2
OG0003657	1	1	0	2
OG0003658	1	1	0	2
OG0003659	1	1	0	2
OG0003660	1	1	0	2
OG0003661	1	1	0	2
OG0003662	1	1	0	2
OG0003663	1	1	0	2
OG0003664	1	1	0	2
OG0003665	1	1	0	2
OG0003666	1	1	0	2
OG0003667	1	1	0	2
OG0003668	1	1	0	2
OG0003669	1	1	0	2
OG0003670	1	1	0	2
OG0003671	1	1	0	2
OG0003672	1	1	0	2
OG0003673	1	1	0	2
OG0003674	1	1	0	2
OG0003675	1	1	0	2
OG0003676	1	1	0	2
OG0003677	1	1	0	2
OG0003678	1	1	0	2
OG0003679	1	1	0	2
OG0003680	1	1	0	2
OG0003681	1	1	0	2
OG0003682	1	1	0	2
OG0003683	1	1	0	2
OG0003684	1	1	0	2
OG0003685	1	1	0	2
OG0003686	1	1	0	2
OG0003687	1	1	0	2
OG0003688	1	1	0	2
OG0003689	1	1	0	2
OG0003690	1	1	0	2
OG0003691	1	1	0	2
OG0003692	1	1	0	2
OG0003693	1	1	0	2
OG0003694	1	1	0	2
OG0003695	1	1	0	2
OG0003696	1	1	0	2
OG0003697	1	1	0	2
OG0003698	1	1	0	2
OG0003699	1	1	0	2
OG0003700	1	1	0	2
OG0003701	1	1	0	2
OG0003702	1	1	0	2
OG0003703	1	1	0	2
OG0003704	1	1	0	2
OG0003705	1	1	0	2
OG0003706	1	1	0	2
OG0003707	1	1	0	2
OG0003708	1	1	0	2
OG0003709	1	1	0	2
OG0003710	1	1	0	2
OG0003711	1	1	0	2
OG0003712	1	1	0	2
OG0003713	1	1	0	2
OG0003714	1	1	0	2
OG0003715	1	1	0	2
OG0003716	1	1	0	2
OG0003717	1	1	0	2
OG0003718	1	1	0	2
OG0003719	1	1	0	2
OG0003720	1	1	0	2
OG0003721	1	1	0	2
OG0003722	1	1	0	2
OG0003723	1	1	0	2
OG0003724	1	1	0	2
OG0003725	1	1	0	2
OG0003726	1	1	0	2
OG0003727	1	1	0	2
OG0003728	1	1	0	2
OG0003729	1	1	0	2
OG0003730	2	0	0	2
OG0003731	1	1	0	2
OG0003732	1	1	0	2
OG0003733	1	1	0	2
OG0003734	1	1	0	2
OG0003735	1	1	0	2
OG0003736	1	1	0	2
OG0003737	1	1	0	2
OG0003738	1	1	0	2
OG0003739	1	1	0	2
OG0003740	1	1	0	2
OG0003741	1	1	0	2
OG0003742	1	1	0	2
OG0003743	1	1	0	2
OG0003744	1	1	0	2
OG0003745	1	1	0	2
OG0003746	1	1	0	2
OG0003747	1	1	0	2
OG0003748	1	1	0	2
OG0003749	1	1	0	2
OG0003750	1	1	0	2
OG0003751	1	1	0	2
OG0003752	1	1	0	2
OG0003753	2	0	0	2
OG0003754	2	0	0	2
OG0003755	2	0	0	2
OG0003756	2	0	0	2
OG0003757	1	1	0	2
OG0003758	1	1	0	2
OG0003759	1	1	0	2
OG0003760	1	1	0	2
OG0003761	1	1	0	2
OG0003762	1	1	0	2
OG0003763	1	1	0	2
OG0003764	1	1	0	2
OG0003765	1	1	0	2
OG0003766	1	1	0	2
OG0003767	1	1	0	2
OG0003768	1	1	0	2
OG0003769	1	1	0	2
OG0003770	1	1	0	2
OG0003771	1	1	0	2
OG0003772	1	1	0	2
OG0003773	1	0	1	2
OG0003774	1	1	0	2
OG0003775	1	1	0	2
OG0003776	1	1	0	2
OG0003777	1	1	0	2
OG0003778	1	1	0	2
OG0003779	1	1	0	2
OG0003780	1	1	0	2
OG0003781	1	1	0	2
OG0003782	1	1	0	2
OG0003783	1	1	0	2
OG0003784	1	1	0	2
OG0003785	1	1	0	2
OG0003786	1	1	0	2
OG0003787	1	0	1	2
OG0003788	1	1	0	2
OG0003789	1	1	0	2
OG0003790	1	1	0	2
OG0003791	1	1	0	2
OG0003792	1	1	0	2
OG0003793	1	1	0	2
OG0003794	1	1	0	2
OG0003795	1	1	0	2
OG0003796	1	1	0	2
OG0003797	1	1	0	2
OG0003798	1	1	0	2
OG0003799	1	1	0	2
OG0003800	1	1	0	2
OG0003801	1	1	0	2
OG0003802	1	1	0	2
OG0003803	1	1	0	2
OG0003804	1	1	0	2
OG0003805	1	1	0	2
OG0003806	1	1	0	2
OG0003807	1	1	0	2
OG0003808	1	1	0	2
OG0003809	1	1	0	2
OG0003810	1	1	0	2
OG0003811	1	1	0	2
OG0003812	1	1	0	2
OG0003813	1	1	0	2
OG0003814	1	1	0	2
OG0003815	1	1	0	2
OG0003816	1	1	0	2
OG0003817	1	1	0	2
OG0003818	1	1	0	2
OG0003819	1	1	0	2
OG0003820	1	1	0	2
OG0003821	1	1	0	2
OG0003822	1	1	0	2
OG0003823	1	0	1	2
OG0003824	1	1	0	2
OG0003825	1	1	0	2
OG0003826	1	1	0	2
OG0003827	1	1	0	2
OG0003828	1	1	0	2
OG0003829	1	1	0	2
OG0003830	1	1	0	2
OG0003831	1	1	0	2
OG0003832	1	1	0	2
OG0003833	1	1	0	2
OG0003834	1	1	0	2
OG0003835	1	1	0	2
OG0003836	1	1	0	2
OG0003837	1	1	0	2
OG0003838	1	1	0	2
OG0003839	1	1	0	2
OG0003840	1	1	0	2
OG0003841	1	1	0	2
OG0003842	1	1	0	2
OG0003843	1	1	0	2
OG0003844	1	1	0	2
OG0003845	1	1	0	2
OG0003846	1	1	0	2
OG0003847	1	0	1	2
OG0003848	1	1	0	2
OG0003849	1	1	0	2
OG0003850	1	1	0	2
OG0003851	1	1	0	2
OG0003852	1	1	0	2
OG0003853	1	1	0	2
OG0003854	1	1	0	2
OG0003855	1	1	0	2
OG0003856	1	1	0	2
OG0003857	1	1	0	2
OG0003858	1	1	0	2
OG0003859	1	1	0	2
OG0003860	1	1	0	2
OG0003861	1	1	0	2
OG0003862	1	1	0	2
OG0003863	1	1	0	2
OG0003864	1	1	0	2
OG0003865	1	1	0	2
OG0003866	1	1	0	2
OG0003867	1	1	0	2
OG0003868	1	1	0	2
OG0003869	1	1	0	2
OG0003870	1	1	0	2
OG0003871	1	1	0	2
OG0003872	1	1	0	2
OG0003873	1	1	0	2
OG0003874	1	1	0	2
OG0003875	1	1	0	2
OG0003876	1	1	0	2
OG0003877	1	1	0	2
OG0003878	1	1	0	2
OG0003879	1	1	0	2
OG0003880	1	1	0	2
OG0003881	1	1	0	2
OG0003882	1	1	0	2
OG0003883	1	1	0	2
OG0003884	0	1	1	2
OG0003885	0	2	0	2
OG0003886	0	2	0	2
OG0003887	0	2	0	2
OG0003888	0	2	0	2
OG0003889	0	1	1	2
OG0003890	0	2	0	2
OG0003891	0	2	0	2
OG0003892	0	1	1	2
OG0003893	0	2	0	2
OG0003894	0	2	0	2
OG0003895	0	2	0	2
OG0003896	0	1	1	2
OG0003897	0	2	0	2
OG0003898	0	2	0	2
OG0003899	0	2	0	2
OG0003900	0	1	1	2
OG0003901	0	2	0	2
OG0003902	0	1	1	2
OG0003903	0	2	0	2
OG0003904	0	2	0	2
OG0003905	0	2	0	2
OG0003906	0	2	0	2
OG0003907	0	2	0	2
OG0003908	0	2	0	2
OG0003909	0	2	0	2
OG0003910	0	2	0	2
OG0003911	0	2	0	2
OG0003912	0	2	0	2
OG0003913	0	1	1	2
OG0003914	0	1	1	2
OG0003915	0	2	0	2
OG0003916	0	1	1	2
OG0003917	0	2	0	2
OG0003918	0	2	0	2
OG0003919	0	2	0	2
OG0003920	0	0	2	2
OG0003921	0	0	2	2
OG0003922	0	0	2	2
OG0003923	0	0	2	2
OG0003924	0	0	2	2
OG0003925	0	0	2	2
OG0003926	0	0	2	2
OG0003927	0	0	2	2
OG0003928	0	0	2	2
OG0003929	0	0	2	2
OG0003930	0	0	2	2
OG0003931	0	0	2	2
OG0003932	0	0	2	2
OG0003933	0	0	2	2
OG0003934	0	0	2	2
OG0003935	0	0	2	2
OG0003936	0	0	2	2
OG0003937	0	0	2	2
OG0003938	0	0	2	2
OG0003939	0	0	2	2
OG0003940	0	0	2	2
OG0003941	0	0	2	2
OG0003942	0	0	2	2
OG0003943	0	0	2	2
OG0003944	0	0	2	2
OG0003945	0	0	2	2
OG0003946	0	0	2	2
OG0003947	0	0	2	2
OG0003948	0	0	2	2
OG0003949	0	0	2	2
OG0003950	0	0	2	2
OG0003951	0	0	2	2
OG0003952	0	0	2	2
OG0003953	0	0	2	2
OG0003954	0	0	2	2
OG0003955	0	0	2	2
OG0003956	0	0	2	2
OG0003957	0	0	2	2
OG0003958	0	0	2	2
OG0003959	0	0	2	2
OG0003960	0	0	2	2
OG0003961	0	0	2	2
OG0003962	0	0	2	2
OG0003963	0	0	2	2
OG0003964	0	0	2	2
OG0003965	0	0	2	2
OG0003966	0	0	2	2
OG0003967	0	0	2	2
OG0003968	0	0	2	2
OG0003969	0	0	2	2
OG0003970	0	0	2	2
OG0003971	0	0	2	2
OG0003972	0	0	2	2
OG0003973	0	0	2	2
OG0003974	0	0	2	2
OG0003975	0	0	2	2
OG0003976	0	0	2	2
OG0003977	0	0	2	2
OG0003978	0	0	2	2
OG0003979	0	0	2	2
OG0003980	0	0	2	2
OG0003981	0	0	2	2
OG0003982	0	0	2	2
OG0003983	0	0	2	2
OG0003984	0	0	2	2
OG0003985	0	0	2	2
OG0003986	0	0	2	2
OG0003987	0	0	2	2
OG0003988	0	0	2	2
OG0003989	0	0	2	2
OG0003990	0	0	2	2
OG0003991	0	0	2	2
OG0003992	0	0	2	2
OG0003993	0	0	2	2
OG0003994	0	0	2	2
OG0003995	0	0	2	2
OG0003996	0	0	2	2
OG0003997	0	0	2	2
OG0003998	0	0	2	2
OG0003999	0	0	2	2
OG0004000	0	0	2	2
OG0004001	0	0	2	2
OG0004002	0	0	2	2
OG0004003	0	0	2	2
OG0004004	0	0	2	2
OG0004005	0	0	2	2
OG0004006	0	0	2	2
OG0004007	0	0	2	2
OG0004008	0	0	2	2
OG0004009	0	0	2	2
OG0004010	0	0	2	2
OG0004011	0	0	2	2
OG0004012	0	0	2	2
OG0004013	0	0	2	2
OG0004014	0	0	2	2
OG0004015	0	0	2	2
OG0004016	0	0	2	2
OG0004017	0	0	2	2
OG0004018	0	0	2	2
OG0004019	0	0	2	2
OG0004020	0	0	2	2
OG0004021	0	0	2	2
OG0004022	0	0	2	2
OG0004023	0	0	2	2
OG0004024	0	0	2	2
OG0004025	0	0	2	2
OG0004026	0	0	2	2
OG0004027	0	0	2	2
OG0004028	0	0	2	2
OG0004029	0	0	2	2
OG0004030	0	0	2	2
OG0004031	0	0	2	2
OG0004032	0	0	2	2
OG0004033	0	0	2	2
OG0004034	0	0	2	2
OG0004035	0	0	2	2
OG0004036	0	0	2	2
OG0004037	0	0	2	2
OG0004038	0	0	2	2
OG0004039	0	0	2	2
OG0004040	0	0	2	2
OG0004041	0	0	2	2
OG0004042	0	0	2	2
OG0004043	0	0	2	2
OG0004044	0	0	2	2
OG0004045	0	0	2	2
OG0004046	0	0	2	2
OG0004047	0	0	2	2
OG0004048	0	0	2	2
OG0004049	0	0	2	2
OG0004050	0	0	2	2
OG0004051	0	0	2	2
OG0004052	0	0	2	2
OG0004053	0	0	2	2
OG0004054	0	0	2	2
OG0004055	0	0	2	2
OG0004056	0	0	2	2
OG0004057	0	0	2	2
OG0004058	0	0	2	2
OG0004059	0	0	2	2
OG0004060	0	0	2	2
OG0004061	0	0	2	2
OG0004062	0	0	2	2
OG0004063	0	0	2	2
OG0004064	0	0	2	2
OG0004065	0	0	2	2
OG0004066	0	0	2	2
OG0004067	0	0	2	2
OG0004068	0	0	2	2
OG0004069	0	0	2	2
OG0004070	0	0	2	2
OG0004071	0	0	2	2
OG0004072	0	0	2	2
OG0004073	0	0	2	2
OG0004074	0	0	2	2
OG0004075	0	0	2	2
OG0004076	0	0	2	2
OG0004077	0	0	2	2
OG0004078	0	0	2	2
OG0004079	0	0	2	2
OG0004080	0	0	2	2
OG0004081	0	0	2	2
OG0004082	0	0	2	2
OG0004083	0	0	2	2
OG0004084	0	0	2	2
OG0004085	0	0	2	2
OG0004086	0	0	2	2
OG0004087	0	0	2	2
OG0004088	0	0	2	2
OG0004089	0	0	2	2
OG0004090	0	0	2	2
OG0004091	0	0	2	2
OG0004092	0	0	2	2
OG0004093	0	0	2	2
OG0004094	0	0	2	2
OG0004095	0	0	2	2
OG0004096	0	0	2	2
OG0004097	0	0	2	2
OG0004098	0	0	2	2
OG0004099	0	0	2	2
OG0004100	0	0	2	2
OG0004101	0	0	2	2
OG0004102	0	0	2	2
OG0004103	0	0	2	2
OG0004104	0	0	2	2
OG0004105	0	0	2	2
OG0004106	0	0	2	2
OG0004107	0	0	2	2
OG0004108	0	0	2	2
OG0004109	0	0	2	2
OG0004110	0	0	2	2
OG0004111	0	0	2	2
OG0004112	0	0	2	2
OG0004113	0	0	2	2
OG0004114	0	0	2	2
OG0004115	0	0	2	2
OG0004116	0	0	2	2
OG0004117	0	0	2	2
OG0004118	0	0	2	2
OG0004119	0	0	2	2
OG0004120	0	0	2	2
OG0004121	0	0	2	2
OG0004122	0	0	2	2
OG0004123	0	0	2	2
OG0004124	0	0	2	2
OG0004125	0	0	2	2
OG0004126	0	0	2	2
OG0004127	0	0	2	2
OG0004128	0	0	2	2
OG0004129	0	0	2	2
OG0004130	0	0	2	2
OG0004131	0	0	2	2
OG0004132	0	0	2	2
OG0004133	0	0	2	2
OG0004134	0	0	2	2
OG0004135	0	0	2	2
OG0004136	0	0	2	2
OG0004137	0	0	2	2
OG0004138	0	0	2	2
OG0004139	0	0	2	2
OG0004140	0	0	2	2
OG0004141	0	0	2	2
OG0004142	0	0	2	2
OG0004143	0	0	2	2
OG0004144	0	0	2	2
OG0004145	0	0	2	2
OG0004146	0	0	2	2
OG0004147	0	0	2	2
OG0004148	0	0	2	2
OG0004149	0	0	2	2
OG0004150	0	0	2	2
OG0004151	0	0	2	2
OG0004152	0	0	2	2
OG0004153	0	0	2	2
OG0004154	0	0	2	2
OG0004155	0	0	2	2
OG0004156	0	0	2	2
OG0004157	0	0	2	2
OG0004158	0	0	2	2
OG0004159	0	0	2	2
OG0004160	0	0	2	2
OG0004161	0	0	2	2
OG0004162	0	0	2	2
OG0004163	0	0	2	2
OG0004164	0	0	2	2
OG0004165	0	0	2	2
OG0004166	0	0	2	2
OG0004167	0	0	2	2
OG0004168	0	0	2	2
OG0004169	0	0	2	2
OG0004170	0	0	2	2
OG0004171	0	0	2	2
OG0004172	0	0	2	2
OG0004173	0	0	2	2
OG0004174	0	0	2	2
OG0004175	0	0	2	2
OG0004176	0	0	2	2
OG0004177	0	0	2	2
OG0004178	0	0	2	2
OG0004179	0	0	2	2
OG0004180	0	0	2	2
OG0004181	0	0	2	2
OG0004182	0	0	2	2
OG0004183	0	0	2	2
OG0004184	0	0	2	2
OG0004185	0	0	2	2
OG0004186	0	0	2	2
OG0004187	0	0	2	2
OG0004188	0	0	2	2
OG0004189	0	0	2	2
OG0004190	0	0	2	2
OG0004191	0	0	2	2
OG0004192	0	0	2	2
OG0004193	0	0	2	2
OG0004194	0	0	2	2
OG0004195	0	0	2	2
OG0004196	0	0	2	2
OG0004197	0	0	2	2
OG0004198	0	0	2	2
OG0004199	0	0	2	2
OG0004200	0	0	2	2
OG0004201	0	0	2	2
OG0004202	0	0	2	2
OG0004203	0	0	2	2
OG0004204	0	0	2	2
OG0004205	0	0	2	2
OG0004206	0	0	2	2
OG0004207	0	0	2	2
OG0004208	0	0	2	2
OG0004209	0	0	2	2
OG0004210	0	0	2	2
OG0004211	0	0	2	2
OG0004212	0	0	2	2
OG0004213	0	0	2	2
OG0004214	0	0	2	2
OG0004215	0	0	2	2
OG0004216	0	0	2	2
OG0004217	0	0	2	2
OG0004218	0	0	2	2
OG0004219	0	0	2	2
OG0004220	0	0	2	2
OG0004221	0	0	2	2
OG0004222	0	0	2	2
OG0004223	0	0	2	2
OG0004224	0	0	2	2
OG0004225	0	0	2	2
OG0004226	0	0	2	2
OG0004227	0	0	2	2
OG0004228	0	0	2	2
OG0004229	0	0	2	2
OG0004230	0	0	2	2
OG0004231	0	0	2	2
OG0004232	0	0	2	2
OG0004233	0	0	2	2
OG0004234	0	0	2	2
OG0004235	0	0	2	2
OG0004236	0	0	2	2
OG0004237	0	0	2	2
OG0004238	0	0	2	2
OG0004239	0	0	2	2
OG0004240	0	0	2	2
OG0004241	0	0	2	2
OG0004242	0	0	2	2
OG0004243	0	0	2	2
OG0004244	0	0	2	2
OG0004245	0	0	2	2
OG0004246	0	0	2	2
OG0004247	0	0	2	2
OG0004248	0	0	2	2
OG0004249	0	0	2	2
OG0004250	0	0	2	2
OG0004251	0	0	2	2
OG0004252	0	0	2	2
OG0004253	0	0	2	2
OG0004254	0	0	2	2
OG0004255	0	0	2	2
OG0004256	0	0	2	2
OG0004257	0	0	2	2
OG0004258	0	0	2	2
OG0004259	0	0	2	2
OG0004260	0	0	2	2
OG0004261	0	0	2	2
OG0004262	0	0	2	2
OG0004263	0	0	2	2
OG0004264	0	0	2	2
OG0004265	0	0	2	2
OG0004266	0	0	2	2
OG0004267	0	0	2	2
OG0004268	0	0	2	2
OG0004269	0	0	2	2
OG0004270	0	0	2	2
OG0004271	0	0	2	2
OG0004272	0	0	2	2
OG0004273	0	0	2	2
OG0004274	0	0	2	2
OG0004275	0	0	2	2
OG0004276	0	0	2	2
OG0004277	0	0	2	2
OG0004278	0	0	2	2
OG0004279	0	0	2	2
OG0004280	0	0	2	2
OG0004281	0	0	2	2
OG0004282	0	0	2	2
OG0004283	0	0	2	2
OG0004284	0	0	2	2
OG0004285	0	0	2	2
OG0004286	0	0	2	2
OG0004287	0	0	2	2
OG0004288	0	0	2	2
OG0004289	0	0	2	2
OG0004290	0	0	2	2
OG0004291	0	0	2	2
OG0004292	0	0	2	2
OG0004293	0	0	2	2
OG0004294	0	0	2	2
OG0004295	0	0	2	2
OG0004296	0	0	2	2
OG0004297	0	0	2	2
OG0004298	0	0	2	2
OG0004299	0	0	2	2
OG0004300	0	0	2	2
OG0004301	0	0	2	2
OG0004302	0	0	2	2
OG0004303	0	0	2	2
OG0004304	0	0	2	2
OG0004305	0	0	2	2
OG0004306	0	0	2	2
OG0004307	0	0	2	2
OG0004308	0	0	2	2
OG0004309	0	0	2	2
OG0004310	0	0	2	2
OG0004311	0	0	2	2
OG0004312	0	0	2	2
OG0004313	0	0	2	2
OG0004314	0	0	2	2
OG0004315	0	0	2	2
OG0004316	0	0	2	2
OG0004317	0	0	2	2
OG0004318	0	0	2	2
OG0004319	0	0	2	2
OG0004320	0	0	2	2
OG0004321	0	0	2	2
OG0004322	0	0	2	2
OG0004323	0	0	2	2
OG0004324	0	0	2	2
OG0004325	0	0	2	2
OG0004326	0	0	2	2
OG0004327	0	0	2	2
OG0004328	0	0	2	2
OG0004329	0	0	2	2
OG0004330	0	0	2	2
OG0004331	0	0	2	2
OG0004332	0	0	2	2
OG0004333	0	0	2	2
OG0004334	0	0	2	2
OG0004335	0	0	2	2
OG0004336	0	0	2	2
OG0004337	0	0	2	2
OG0004338	0	0	2	2
OG0004339	0	0	2	2
OG0004340	0	0	2	2
OG0004341	0	0	2	2
OG0004342	0	0	2	2
OG0004343	0	0	2	2
OG0004344	0	0	2	2
OG0004345	0	0	2	2
OG0004346	0	0	2	2
OG0004347	0	0	2	2
OG0004348	0	0	2	2
OG0004349	0	0	2	2
OG0004350	0	0	2	2
OG0004351	0	0	2	2
OG0004352	0	0	2	2
OG0004353	0	0	2	2
OG0004354	0	0	2	2
OG0004355	0	0	2	2
OG0004356	0	0	2	2
OG0004357	0	0	2	2
OG0004358	0	0	2	2
OG0004359	0	0	2	2
OG0004360	0	0	2	2
OG0004361	0	0	2	2
OG0004362	0	0	2	2
OG0004363	0	0	2	2
OG0004364	0	0	2	2
OG0004365	0	0	2	2
OG0004366	0	0	2	2
OG0004367	0	0	2	2
OG0004368	0	0	2	2
OG0004369	0	0	2	2
OG0004370	0	0	2	2
OG0004371	0	0	2	2
OG0004372	0	0	2	2
OG0004373	0	0	2	2
OG0004374	0	0	2	2
OG0004375	0	0	2	2
OG0004376	0	0	2	2
OG0004377	0	0	2	2
OG0004378	0	0	2	2
OG0004379	0	0	2	2
OG0004380	0	0	2	2
OG0004381	0	0	2	2
OG0004382	0	0	2	2
OG0004383	0	0	2	2
OG0004384	0	0	2	2
OG0004385	0	0	2	2
OG0004386	0	0	2	2
OG0004387	0	0	2	2
OG0004388	0	0	2	2
OG0004389	0	0	2	2
OG0004390	0	0	2	2
OG0004391	0	0	2	2
OG0004392	0	0	2	2
OG0004393	0	0	2	2
OG0004394	0	0	2	2
OG0004395	0	0	2	2
OG0004396	0	0	2	2
OG0004397	0	0	2	2
OG0004398	0	0	2	2
OG0004399	0	0	2	2
OG0004400	0	0	2	2
OG0004401	0	0	2	2
OG0004402	0	0	2	2
OG0004403	0	0	2	2
OG0004404	0	0	2	2
OG0004405	0	0	2	2
OG0004406	0	0	2	2
OG0004407	0	0	2	2
OG0004408	0	0	2	2
OG0004409	0	0	2	2
OG0004410	0	0	2	2
OG0004411	0	0	2	2
OG0004412	0	0	2	2
OG0004413	0	0	2	2
OG0004414	0	0	2	2
OG0004415	0	0	2	2
OG0004416	0	0	2	2
OG0004417	0	0	2	2
OG0004418	0	0	2	2
OG0004419	0	0	2	2
OG0004420	0	0	2	2
OG0004421	0	0	2	2
OG0004422	0	0	2	2
OG0004423	0	0	2	2
OG0004424	0	0	2	2
OG0004425	0	0	2	2
OG0004426	0	0	2	2
OG0004427	0	0	2	2
OG0004428	0	0	2	2
OG0004429	0	0	2	2
OG0004430	0	0	2	2
OG0004431	0	0	2	2
OG0004432	0	0	2	2
OG0004433	0	0	2	2
OG0004434	0	0	2	2
OG0004435	0	0	2	2
OG0004436	0	0	2	2
OG0004437	0	0	2	2
OG0004438	0	0	2	2
OG0004439	0	0	2	2
OG0004440	0	0	2	2
OG0004441	0	0	2	2
OG0004442	0	0	2	2
OG0004443	0	0	2	2
OG0004444	0	0	2	2
OG0004445	0	0	2	2
OG0004446	0	0	2	2
OG0004447	0	0	2	2
OG0004448	0	0	2	2
OG0004449	0	0	2	2
OG0004450	0	0	2	2
OG0004451	0	0	2	2
OG0004452	0	0	2	2
OG0004453	0	0	2	2
OG0004454	0	0	2	2
OG0004455	0	0	2	2
OG0004456	0	0	2	2
OG0004457	0	0	2	2
OG0004458	0	0	2	2
OG0004459	0	0	2	2
OG0004460	0	0	2	2
OG0004461	0	0	2	2
OG0004462	0	0	2	2
OG0004463	0	0	2	2
OG0004464	0	0	2	2
OG0004465	0	0	2	2
OG0004466	0	0	2	2
OG0004467	0	0	2	2
OG0004468	0	0	2	2
OG0004469	0	0	2	2
OG0004470	0	0	2	2
OG0004471	0	0	2	2
OG0004472	0	0	2	2
OG0004473	0	0	2	2
OG0004474	0	0	2	2
OG0004475	0	0	2	2
OG0004476	0	0	2	2
OG0004477	0	0	2	2
OG0004478	0	0	2	2
OG0004479	0	0	2	2
OG0004480	0	0	2	2
OG0004481	0	0	2	2
OG0004482	0	0	2	2
OG0004483	0	0	2	2
OG0004484	0	0	2	2
OG0004485	0	0	2	2
OG0004486	0	0	2	2
OG0004487	0	0	2	2
OG0004488	0	0	2	2
OG0004489	0	0	2	2
OG0004490	0	0	2	2
OG0004491	0	0	2	2
OG0004492	0	0	2	2
OG0004493	0	0	2	2
OG0004494	0	0	2	2
OG0004495	0	0	2	2
OG0004496	0	0	2	2
OG0004497	0	0	2	2
OG0004498	0	0	2	2
OG0004499	0	0	2	2
OG0004500	0	0	2	2
OG0004501	0	0	2	2
OG0004502	0	0	2	2
OG0004503	0	0	2	2
OG0004504	0	0	2	2
OG0004505	0	0	2	2
OG0004506	0	0	2	2
OG0004507	0	0	2	2
OG0004508	0	0	2	2
OG0004509	0	0	2	2
OG0004510	0	0	2	2
OG0004511	0	0	2	2
OG0004512	0	0	2	2
OG0004513	0	0	2	2
OG0004514	0	0	2	2
OG0004515	0	0	2	2
OG0004516	0	0	2	2
OG0004517	0	0	2	2
OG0004518	0	0	2	2
OG0004519	0	0	2	2
OG0004520	0	0	2	2
OG0004521	0	0	2	2
OG0004522	0	0	2	2
OG0004523	0	0	2	2
